0.240521 0.164654 0.956576
0 0.525731 0.850651
-0.205379 0.142786 0.968211
0.442297 -0.240203 0.864104
0 -0.266405 0.963861
0.225672 -0.619472 0.751882
0.950207 0.159001 0.268002
0.781436 -0.0610682 0.62099
0.920117 -0.288314 0.265065
-0.913548 -0.389093 0.118473
-0.854127 -0.150225 0.497895
-0.607633 0.0788186 0.790297
-0.989306 0.0632254 0.131441
-0.857375 0.499384 0.124592
0.264393 0.916817 0.299238
0.626989 0.774896 0.0801381
-0.128553 0.850628 0.50981
-0.131858 0.988254 0.0772489
0.151254 -0.918233 0.366019
0.531367 -0.83416 0.147736
-0.272202 -0.950907 0.147246
0.564254 0.646578 0.513375
0.646578 -0.513375 0.564254
-0.438558 0.494572 0.750377
-0.572683 0.720863 0.390372
-0.509609 -0.363715 0.77975
-0.606159 -0.705011 0.368146
-0.210995 -0.782648 0.585614
