0.525731 -0.850651 0
0.583202 0.350124 0.732999
-0.616481 -0.340062 0.710147
-0.981006 -0.192833 0.0210589
-0.249768 0.327159 0.911363
0.69118 -0.403693 0.599418
0.592715 0.803609 0.05387
0.0212757 -0.807672 0.589248
0 0.921884 0.387466
-0.816363 0.379516 0.435338
0.180219 -0.335348 0.924696
0.866004 -0.494991 0.0708623
0.203663 0.524665 0.826588
0.00873784 -0.994503 0.104339
-0.559939 0.0582994 0.82648
-0.443465 0.715105 0.540337
-0.711034 -0.617893 0.335617
-0.88449 -0.184639 0.42847
0.474717 -0.0403028 0.879215
0.872589 0.329494 0.360584
-0.235998 -0.372851 0.897378
0.61617 0.651022 0.443289
-0.356537 -0.89094 0.28126
0.42878 -0.724853 0.539198
0.959971 -0.127948 0.249168
-0.372401 -0.672977 0.639077
0.0983677 0.106987 0.989382
0.792354 0.00284643 0.610055
