0.9561 0.288796 0.0497061
0.72705 0.659405 0.191266
-0.771104 -0.585081 0.251154
-0.446838 -0.889988 0.0908733
-0.907411 -0.141411 0.395738
-0.438475 -0.737478 0.513679
-0.627041 -0.371309 0.684798
-0.657835 0.101072 0.746349
-0.303549 -0.0993701 0.94762
-0.19509 -0.515629 0.834306
0 -0.819885 0.572529
-0.0166674 -0.988779 0.148454
-0.247828 0.400994 0.881921
0.160622 0.702046 0.69378
-0.425325 0.688191 0.587785
-0.247845 0.942922 0.22242
-0.840422 0.367153 0.39861
-0.651286 0.747464 0.13086
0.418195 -0.876676 0.237806
0.746865 -0.536894 0.392349
0.386056 -0.624652 0.678801
0.291508 -0.247982 0.923866
0.249782 0.264261 0.931544
0.587422 0.454978 0.669276
0.617549 0.0202925 0.786271
