-0.961174 -0.271405 0.0498366
0.76008 0.594834 0.26163
-0.715789 -0.663207 0.218637
0.899037 0.150786 0.411092
0.383023 0.919095 0.0925047
0.595414 0.384153 0.705627
0.317977 0.766753 0.557657
-0.115583 0.936494 0.331088
-0.179895 0.658103 0.731122
0.161663 0.361899 0.918093
-0.813172 0.479279 0.330215
-0.541881 0.252938 0.80149
0.867267 -0.332667 0.370379
0.64783 -0.0910813 0.75632
0.423231 -0.74083 0.52158
-0.115314 -0.896243 0.428312
-0.457792 -0.606985 0.649612
-0.3545 -0.181365 0.917298
0.0304824 -0.610367 0.791532
0.213133 -0.149256 0.965555
