0.94197 0.320716 0.0991659
-0.811593 -0.53167 0.242164
0.71304 0.68471 0.150817
0.766941 0.40881 0.494647
-0.946488 -0.122519 0.298581
-0.499474 -0.84158 0.205591
-0.720456 -0.286472 0.631567
-0.501641 -0.644433 0.577116
0.32553 0.923879 0.201189
0.455021 0.702795 0.546841
0.908826 -0.0103356 0.417048
0.977835 -0.203321 0.0499845
0 0.850651 0.525731
0.42648 0.344498 0.836323
0.65065 -0.0101683 0.75931
0.0596036 0.54962 0.833286
0.748288 -0.378147 0.545041
0.213133 -0.149256 0.965555
-0.141337 0.116682 0.983061
-0.390332 -0.213084 0.895676
-0.0980171 -0.5232 0.846555
0.325477 -0.526633 0.785317
-0.123065 -0.828416 0.546427
0.758008 -0.636058 0.144407
0.266349 -0.963661 0.0203965
-0.521295 0.231316 0.821428
-0.827147 0.233445 0.511205
-0.759269 0.588195 0.278456
