-0.930578 -0.334536 0.148695
-0.69633 -0.709111 0.11084
0.837891 0.480062 0.259769
0.976427 0.0820588 0.199641
-0.696158 -0.502309 0.512884
0.527686 0.797844 0.291536
-0.978799 0.0923301 0.182833
-0.839466 -0.0886599 0.53613
-0.396824 -0.81012 0.431551
-0.300366 -0.952939 0.0410693
0.584504 0.512703 0.62888
0.800119 0.148891 0.581068
0.180837 0.738296 0.649782
0.0495553 0.950714 0.306082
0.465287 0.0985897 0.879652
0.102481 0.333001 0.937341
0.620354 -0.265519 0.738011
-0.549222 -0.0203324 0.835429
-0.341435 -0.552453 0.760406
0.0822735 -0.366809 0.926651
0.282369 -0.737264 0.613767
0.0997764 -0.9747 0.200013
0.727991 -0.570186 0.380679
0.884965 -0.465658 0
0.507597 -0.85475 0.108385
-0.513415 0.797321 0.317308
-0.731779 0.469969 0.493588
-0.322009 0.604977 0.728226
