-0.850651 -0.525731 0
-0.99183 -0.117336 0.0500511
0.898967 0.254807 0.356275
0.682836 0.619408 0.387387
0.55014 0.834115 0.0399848
-0.627882 -0.693432 0.353435
-0.853688 -0.333589 0.399919
0.286761 0.852157 0.437717
0.6386 0.285935 0.714445
0.315706 0.566812 0.760956
-0.0907758 0.697777 0.71054
0.792524 -0.139437 0.593687
0.900031 -0.359256 0.246737
0.447744 -0.147807 0.881861
0.103398 0.083346 0.991142
-0.228116 0.341088 0.911933
0.552418 -0.496441 0.669612
-0.52773 -0.382305 0.758515
-0.142301 -0.263694 0.954052
0.101232 -0.641952 0.760032
-0.23178 -0.931106 0.281637
0.164123 -0.889734 0.425955
0 0.997607 0.0691416
0.566035 -0.754341 0.332527
-0.277796 0.883157 0.377973
-0.631197 0.770242 0.0912016
-0.915504 0.340297 0.214593
-0.721522 0.080823 0.687658
