-0.850651 -0.525731 0
0.978283 0.189841 0.0832067
-0.914058 -0.293733 0.279677
-0.711034 -0.617893 0.335617
-0.59876 -0.80067 0.0203507
0.678317 0.663567 0.31554
0.853688 0.333589 0.399919
-0.977844 0.0616677 0.200046
0.972437 -0.1789 0.149539
0.876776 -0.0309894 0.479899
-0.896243 0.428312 0.115314
0.82069 -0.514686 0.248125
0.734323 -0.356867 0.577422
0.639293 -0.0406258 0.767889
0.633705 0.329009 0.700122
0.448494 0.6588 0.604016
0.371124 0.879273 0.298573
0.361428 0.164675 0.917743
0.205591 0.499475 0.84158
0.110466 0.807761 0.579068
0.340297 -0.214593 0.915504
0.43227 -0.532394 0.727804
0.561193 -0.707553 0.429454
0.668055 -0.744112 0
-0.686546 0.634491 0.35507
-0.836407 0.300572 0.458345
-0.824514 -0.0697823 0.561522
-0.649448 -0.399769 0.64684
-0.258941 0.810757 0.524997
-0.0166551 0.963578 0.266908
-0.377214 0.910172 0.171163
0.340897 -0.916188 0.210686
-0.217011 -0.975678 0.0309524
-0.414165 -0.843349 0.342388
-0.0165139 -0.936608 0.349991
0.144407 -0.758008 0.636058
-0.225306 -0.727449 0.648117
0.0702728 -0.47883 0.875091
-0.317287 -0.429396 0.845546
-0.557161 -0.0900663 0.825506
-0.0924216 -0.149541 0.984427
-0.0103229 0.217097 0.976095
-0.158301 0.568272 0.80747
-0.383186 0.229687 0.894658
-0.519216 0.507599 0.687574
