-0.850651 -0.525731 0
0 0 1
0.525731 -0.850651 0
0.693297 -0.327512 0.641931
-0.0203335 0.76838 0.639671
-0.177504 -0.760228 0.624937
-0.776767 0.236482 0.583704
0.570186 0.380679 0.727991
0.15033 0.988582 0.0103229
0.954845 -0.295262 0.0330481
-0.538123 -0.296929 0.788833
0.354664 -0.742003 0.568898
-0.351056 0.428241 0.832688
0.456698 0.794935 0.399381
0.90649 0.0721082 0.416025
-0.589261 0.686417 0.426149
0.170416 -0.409416 0.896291
-0.589261 -0.686417 0.426149
-0.930172 -0.112747 0.349383
0.170416 0.409416 0.896291
0.737264 -0.613767 0.282369
-0.182625 0.950513 0.251343
0.471153 -0.0329221 0.881437
0.0827196 -0.947061 0.310213
-0.435127 0.0493864 0.899014
-0.510046 -0.858716 0.0496035
-0.847202 0.469431 0.248763
-0.208476 -0.437514 0.874711
0.777195 0.460913 0.428402
0.996806 0.0725429 0.0333915
-0.761197 -0.370329 0.532386
0.308447 0.667033 0.67818
-0.335617 0.711034 0.617893
0.444339 -0.485834 0.75268
0.884843 -0.281401 0.371304
-0.279164 -0.902544 0.327843
0.415608 -0.86724 0.274162
0.722524 0.0606641 0.688679
0.148416 0.924351 0.351493
-0.723246 -0.0405162 0.689401
-0.112183 0.281857 0.952875
0.0810009 -0.665716 0.741796
-0.75835 0.649867 0.0507794
-0.604016 0.448494 0.6588
-0.443957 -0.584716 0.678977
0.656476 0.722625 0.216454
0.282971 0.14928 0.94744
-0.951056 0.16246 0.262866
0.200496 -0.979477 0.0206298
-0.223593 -0.165902 0.96046
0.931106 0.281637 0.23178
0.613073 -0.591649 0.523538
-0.806698 -0.50387 0.308793
-0.0603185 0.573961 0.816658
-0.429778 0.851562 0.300221
0.251343 -0.182625 0.950513
0.574554 0.595223 0.56178
0.361899 0.918093 0.161663
0.0697208 -0.842231 0.53459
-0.587448 0.206749 0.782406
0.970015 -0.112485 0.215449
-0.952437 -0.26561 0.149385
-0.658103 -0.731122 0.179895
0.548445 -0.236109 0.80216
-0.163706 0.865919 0.472637
