-0.850651 -0.525731 0
0.958014 0.268847 0.0996497
-0.928578 -0.313491 0.198661
-0.779298 -0.555031 0.290921
-0.665715 -0.741796 0.0810009
0.703837 0.678012 0.211927
0.838746 0.433893 0.329003
0.920698 0.142013 0.363521
-0.994121 -0.0412254 0.100118
0.978799 -0.0923301 0.182833
-0.561351 -0.741463 0.367585
-0.962003 0.264825 0.0664684
0.896401 -0.397351 0.196412
0.874711 -0.208476 0.437514
-0.842231 0.53459 0.0697208
0.754077 -0.479589 0.448734
0.727361 -0.653878 0.208302
-0.644291 0.762348 0.0609492
-0.712387 0.624983 0.31922
-0.866978 0.365037 0.33926
-0.920731 0.0721097 0.383478
-0.858683 -0.207156 0.468776
-0.700072 -0.447305 0.556613
0.791532 0.0304824 0.610367
0.697319 -0.257874 0.668765
0.734877 0.331173 0.591844
0.634097 0.593839 0.495253
0.589252 0.163896 0.791151
0.501613 -0.125099 0.855999
0.505657 0.453566 0.733886
0.335103 0.263541 0.904573
0.250195 -0.0166557 0.968052
0.468849 -0.413243 0.780648
0.226551 -0.31054 0.923168
0.51898 -0.639079 0.56766
0.485931 -0.814241 0.31762
0.261919 -0.619543 0.739977
0.248125 -0.82069 0.514686
0.400628 -0.915314 0.0411968
0.182625 -0.950513 0.251343
-0.472596 0.83147 0.292081
-0.0329283 -0.889481 0.455785
-0.309844 -0.891715 0.329911
-0.0201637 -0.711137 0.702764
-0.305545 -0.74673 0.590793
-0.100061 -0.986311 0.13107
-0.416536 -0.907657 0.0515406
-0.133269 0.989157 0.0617124
0.464066 0.851097 0.245512
0.19858 0.967371 0.157351
-0.181365 0.917299 0.3545
0.131672 0.889237 0.438088
0.382305 0.758515 0.52773
0.254248 0.606851 0.753054
-0.0203253 0.749852 0.661294
-0.311836 0.756908 0.574325
-0.568289 0.585014 0.578625
-0.728226 0.322009 0.604977
-0.763641 0.0203519 0.64532
-0.623154 -0.221448 0.750093
-0.46013 -0.510799 0.726198
-0.186322 -0.501498 0.844857
-0.351867 -0.263143 0.898301
-0.0614236 -0.233124 0.970505
-0.539623 0.053243 0.840222
-0.266908 0.0166551 0.963578
0 0.167113 0.985938
0.0309895 0.448677 0.893157
-0.354076 0.293939 0.887823
-0.254739 0.557508 0.790122
