-0.850651 -0.525731 0
0.958027 0.26206 0.116227
0.825175 0.476226 0.303801
-0.93417 -0.296273 0.198871
-0.777923 -0.547979 0.307498
-0.652502 -0.74958 0.11123
0.656006 0.727959 0.199331
0.893198 0.189919 0.407588
-0.820401 -0.300607 0.486392
0.71454 0.382627 0.585687
0.569708 0.655067 0.496307
0.399919 0.853688 0.333589
0.416877 0.908436 0.0309383
-0.415608 -0.86724 0.274162
-0.558356 -0.66982 0.489468
-0.603556 -0.419176 0.678241
-0.280319 -0.790112 0.545109
-0.332527 -0.566035 0.754341
-0.115583 -0.936494 0.331088
-0.116889 -0.993091 0.0103221
0.0993701 0.94762 0.303549
0.213023 0.792649 0.571252
0.375178 0.573635 0.728138
0.511084 0.292299 0.808303
0.741796 0.0810009 0.665716
0.030491 -0.811377 0.583727
-0.0203507 -0.59876 0.80067
0.197989 -0.916552 0.347466
0.200368 -0.978852 0.0412509
-0.215481 0.937963 0.27165
-0.0963503 0.835674 0.540709
0.0203519 0.64532 0.763641
0.170416 0.409416 0.896291
0.267381 -0.65662 0.705236
0.438625 -0.765722 0.470402
0.456188 -0.871755 0.178707
-0.490456 0.860438 0.138204
-0.418038 0.788414 0.451273
-0.29391 0.643654 0.706631
-0.160161 0.426288 0.890296
0.296787 0.115989 0.947873
0.53459 -0.0697208 0.842231
0.38159 -0.338658 0.860058
0.542992 -0.513722 0.664266
0.717059 -0.233506 0.656735
0.154536 -0.166001 0.973942
-0.0103229 0.15033 0.988582
-0.102481 -0.333001 0.937341
-0.401461 -0.261444 0.877768
-0.295262 0.0330481 0.954845
-0.656282 -0.121144 0.744727
-0.437717 0.286761 0.852157
0.895036 -0.120834 0.429312
0.761945 -0.462267 0.453597
0.692451 -0.680858 0.238631
-0.738755 0.670244 0.0708124
0.882055 -0.441675 0.164016
0.989157 -0.0617124 0.133269
-0.684798 0.627041 0.371309
-0.56766 0.51898 0.639079
-0.692192 0.204615 0.6921
-0.897105 0.416296 0.147986
-0.818208 0.352984 0.453804
-0.859718 0.0103355 0.510664
-0.976766 0.112669 0.182302
