-0.850651 -0.525731 0
0.947822 0.289929 0.13257
-0.941542 -0.293271 0.165805
-0.799371 -0.528204 0.286368
-0.674709 -0.729676 0.111089
0.816906 0.493756 0.298111
0.667819 0.719735 0.189736
-0.585687 -0.71454 0.382627
-0.439485 -0.878135 0.18903
0.44582 0.888281 0.110459
-0.847006 -0.291881 0.444282
-0.66982 -0.489468 0.558356
-0.695052 -0.231324 0.680729
0.876676 0.237806 0.418195
0.707553 0.429454 0.561193
0.57994 0.67127 0.461591
0.368502 0.847149 0.382812
0.733998 0.160388 0.659941
0.533351 0.340358 0.774399
0.408174 0.593575 0.693587
0.20039 0.771845 0.603406
0.539623 0.053243 0.840222
0.0824478 0.922937 0.376018
0.165954 0.980785 0.102565
-0.165823 -0.967881 0.188968
-0.286761 -0.852157 0.437717
-0.412866 -0.66803 0.619094
-0.48624 -0.408286 0.772575
0 -0.907929 0.419124
-0.111177 -0.754848 0.646409
-0.215489 -0.538182 0.814815
0.116682 -0.983061 0.141337
-0.116645 0.980422 0.158641
-0.196334 0.881675 0.429071
-0.0809591 0.747667 0.65912
0.109641 0.583686 0.804543
0.272133 0.356294 0.893867
0.264825 0.0664684 0.962003
0.707397 -0.130868 0.694596
0.465034 -0.222468 0.856885
0.883919 -0.0609563 0.46365
0.982901 0.0103229 0.183844
-0.993091 -0.0103221 0.116889
-0.908826 -0.0103356 0.417048
-0.753044 0.0508214 0.656004
-0.544504 -0.0367932 0.837951
-0.323426 -0.214921 0.921523
0.184536 -0.214578 0.959116
-0.0688389 -0.083388 0.994137
0.0609563 -0.46365 0.883919
0 0.200538 0.979686
-0.286245 0.0995262 0.952973
-0.130156 0.444472 0.886287
-0.497456 0.254002 0.82947
-0.380651 0.515685 0.767577
-0.396573 0.725677 0.562248
0.160573 -0.681291 0.714184
0.36447 -0.489569 0.792139
0.270692 -0.82831 0.490539
0.619094 -0.412866 0.66803
0.490371 -0.659705 0.569496
0.813619 -0.344632 0.468245
0.937963 -0.27165 0.215481
-0.957685 0.275586 0.0830123
-0.88094 0.273346 0.386299
-0.700535 0.336874 0.6291
-0.649517 0.58633 0.484092
-0.830847 0.510673 0.221149
0.859848 -0.506298 0.0657576
0.745339 -0.583691 0.322141
0.513415 -0.797321 0.317308
0.677308 -0.73228 0.0708441
-0.64439 0.730548 0.225967
-0.40347 0.885949 0.228706
0.43227 -0.89962 0.0618628
