-0.850651 -0.525731 0
0.991142 0.103398 0.083346
0.826656 0.369398 0.424482
0.592683 0.741534 0.314413
-0.533895 -0.835851 0.127709
-0.716433 -0.539138 0.44278
-0.920698 -0.142013 0.363521
-0.340358 -0.774398 0.533351
-0.459164 -0.402786 0.79179
-0.682452 0 0.730931
-0.851562 0.300221 0.429778
0.936608 -0.349991 0.0165139
0.879344 -0.119755 0.460882
-0.284322 -0.0165274 0.958586
-0.52158 0.423231 0.74083
-0.703837 0.678012 0.211927
0.703903 -0.666411 0.2458
-0.0406752 -0.574458 0.817523
0.611756 -0.459801 0.64369
0.274202 -0.780423 0.561919
0.293733 -0.279677 0.914058
0.606286 0.0304591 0.794663
0.144411 0.149665 0.978134
0.496546 0.471201 0.72898
-0.0784591 0.52411 0.848029
0.213023 0.792649 0.571252
-0.307498 0.777923 0.547979
0.384329 -0.922678 0.0309393
-0.0166551 -0.963578 0.266908
0.0166645 0.979742 0.19957
