0.417612 0.0125904 0.908538
0.222414 0.415171 0.882137
-0.0218204 -0.00490206 0.99975
-0.224688 0.394142 0.891161
0.232396 -0.399417 0.886825
-0.238677 -0.386187 0.891007
-0.0058153 -0.721448 0.692444
0.912982 -0.082324 0.399607
0.956782 -0.2908 -0.00201689
-0.857758 -0.35398 0.372759
-0.987738 -0.156031 -0.00538169
-0.673826 -0.145006 0.724521
-0.912335 0.0902452 0.399374
-0.00608622 0.955906 0.293609
0.388097 0.917276 0.0893676
-0.399607 0.912982 0.082324
0 -0.987251 0.159171
0.383614 -0.843911 0.375039
-0.364854 -0.847889 0.384663
-0.706146 -0.695599 0.132287
0.33943 0.782988 0.521265
0.659285 0.31387 0.683249
0.705011 0.636388 0.313
0.649158 -0.305441 0.696634
0.769642 -0.541829 0.337748
-0.637708 0.303255 0.708071
-0.360466 0.776189 0.517297
-0.775748 0.527153 0.346878
