-0.866492 -0.499117 0.00857029
0.365466 -0.600175 0.711495
-0.374025 0.609211 0.699262
0.357281 0.76367 0.537735
-0.324569 -0.820755 0.470123
0.885539 -0.0849579 0.456732
-0.885837 0.00280927 0.463988
0.208764 -0.977963 0.00251154
0.280107 0.178929 0.943146
-0.247802 -0.148315 0.957391
0.753224 -0.657708 0.0086119
-0.442872 -0.895695 0.0399234
-0.740581 -0.430495 0.515959
0.697644 0.461179 0.548276
-0.00340966 -0.481515 0.876431
0.999464 -0.00161277 0.0326999
-0.672979 0.620207 0.403042
0.401834 -0.220111 0.888865
-0.243204 0.881116 0.405569
0.268973 -0.873382 0.406025
0.667546 -0.61552 0.418947
-0.0273418 0.46101 0.886974
-0.414083 0.231374 0.880342
-0.404696 -0.517181 0.754152
-0.917677 0.33731 0.209976
0.135395 0.96137 0.239657
0.648103 0.0953477 0.75556
-0.624763 -0.116973 0.772003
