-0.03143 -0.0345947 0.998907
-0.222033 -0.974963 0.0121832
0.966785 -0.255303 0.0121401
0.773828 0.508848 0.377179
0.48894 -0.790366 0.369134
-0.640661 0.312557 0.701328
-0.83012 -0.435891 0.347707
0.0268571 0.71468 0.698936
0.604155 -0.157703 0.781106
-0.16561 -0.668871 0.724696
-0.478343 0.801903 0.357966
-0.52135 -0.797716 0.303058
-0.479602 -0.21888 0.849749
0.0827196 -0.947061 0.310213
0.394657 0.311244 0.864507
0.80571 -0.45702 0.37678
0.289109 -0.466329 0.836034
0.954882 0.0918891 0.282412
0.481587 0.834201 0.268668
-0.80257 0.554823 0.21921
-0.131632 0.966667 0.219609
-0.969977 -0.0703829 0.232788
-0.290065 0.490078 0.822001
-0.545913 -0.554351 0.628231
-0.79262 -0.107087 0.600238
0.754731 0.189098 0.628191
0.469351 0.628852 0.619883
0.755202 0.655489 -0.00203784
