-0.160622 0.702046 0.69378
0 0.266405 0.963861
-0.44213 0.252324 0.860728
0.213781 -0.142146 0.966485
-0.229691 -0.132288 0.964231
-0.00629146 -0.51605 0.856536
0.864929 0.484442 0.1312
0.850144 0.171232 0.497931
0.612746 -0.0581978 0.788134
0.989838 -0.0520558 0.132328
0.868597 -0.47822 0.129786
-0.951056 -0.16246 0.262866
-0.777258 0.0764983 0.624514
-0.916731 0.295914 0.2684
0.5 0.809017 0.309017
0.13261 0.987032 0.0904531
-0.244949 0.918394 0.310729
-0.619773 0.780693 0.0800049
0.271292 -0.950933 0.14875
-0.141436 -0.927677 0.345561
-0.519744 -0.843621 0.134796
0.371748 0.601501 0.707107
0.45186 -0.469977 0.758251
0.205983 -0.788194 0.579932
0.588603 -0.715016 0.377225
-0.646578 0.513375 0.564254
-0.723051 -0.358928 0.590227
-0.43154 -0.691231 0.579632
