0 0 1
-0.23362 -0.972328 0
0.970815 -0.239828 0
0.78686 0.484295 0.382505
0.485712 -0.785899 0.382683
-0.640661 0.312557 0.701328
-0.820554 -0.421509 0.386032
0.0201637 0.711137 0.702764
0.64783 -0.0910813 0.75632
-0.189736 -0.667819 0.719734
-0.475231 0.79693 0.372904
-0.56802 -0.779297 0.264668
-0.510673 -0.221149 0.830847
0.0827196 -0.947061 0.310213
0.411329 0.375114 0.830721
0.80571 -0.45702 0.37678
0.292081 -0.472596 0.83147
0.954882 0.0918891 0.282412
0.5 0.809017 0.309017
-0.80257 0.554823 0.21921
-0.132792 0.966393 0.220117
-0.969094 -0.0818269 0.232727
-0.292081 0.472596 0.83147
-0.551333 -0.591142 0.588713
-0.78678 -0.110339 0.607292
0.765845 0.198505 0.611619
0.470917 0.628313 0.619242
0.739613 0.671124 0.0506507
