-0.85248776 -0.5193433 -0.059558026
0.95510065 0.081634194 0.28481329
-0.96935804 -0.11574115 0.21667715
-0.7399459 -0.49233563 0.45835106
-0.52710484 -0.83496756 0.1580812
0.52662781 0.77844915 0.34158464
0.69654697 0.38540335 0.60521634
-0.32106674 -0.72911917 0.60440168
-0.050987991 -0.96620439 0.2526842
0.069094541 0.96581835 0.24984167
0.26815345 0.61562941 0.74100888
0.36212358 0.15488388 0.91917218
0.71966765 -0.11046326 0.68547527
0.20384964 -0.75046745 0.62868429
0.24983149 -0.33515307 0.90843639
0.65439337 -0.57136476 0.49528945
0.9157612 -0.3871558 0.10719989
0.43747225 -0.88372222 0.16629214
-0.25302058 -0.33404928 0.90796018
-0.13711946 0.15006278 0.97912176
-0.66027101 -0.087581064 0.74590333
-0.85488834 0.3422331 0.3899262
-0.58375878 0.75549624 0.29740732
-0.1989614 0.75805109 0.62110619
-0.517645 0.39443682 0.75925177
