-0.850651 -0.525731 0
0.97237 0.122729 0.19858
0.761945 0.462267 0.453597
-0.947665 -0.152636 0.280417
-0.720542 -0.513494 0.465987
-0.530835 -0.830912 0.166729
0.486392 0.820401 0.300607
0.390037 0.597655 0.700485
0.0658021 0.868512 0.491282
0.13341 0.990206 0.0411561
-0.147912 -0.889609 0.432108
-0.340248 -0.578529 0.741307
-0.593507 -0.190388 0.781986
-0.79445 0.187942 0.577518
-0.947822 0.289929 0.13257
-0.693058 0.603872 0.393711
-0.341154 0.902537 0.262757
-0.325165 0.666008 0.671342
-0.42501 0.244164 0.871637
0.0103356 0.417048 0.908826
-0.168773 -0.133201 0.976613
0.263677 -0.944158 0.197584
0.666745 -0.742798 0.0608514
0.876383 -0.355942 0.324435
0.782624 0.0203064 0.622163
0.425955 0.164123 0.889734
0.553005 -0.661447 0.50663
0.50387 -0.308793 0.806698
