-0.850651 -0.525731 0
0.976132 0.21654 0.016658
-0.896373 -0.344657 0.278794
-0.725503 -0.622922 0.292598
-0.63391 -0.77334 0.0101776
0.714445 0.6386 0.285935
0.876383 0.355942 0.324435
0.952939 0.0410693 0.300366
0.461451 0.846805 0.264546
0.496441 0.669612 0.552418
0.693587 0.408174 0.593575
0.796672 0.100171 0.596053
0.216754 0.848634 0.482533
0.235423 0.632107 0.738253
0.439331 0.381484 0.813301
0.562295 0.0736114 0.823654
-0.0507794 0.75835 0.649867
0.706105 -0.197216 0.680089
0.87685 -0.265155 0.401033
0.993346 -0.113951 0.0166915
-0.958909 -0.0103365 0.283526
0.903643 -0.412455 0.115373
-0.920063 0.316139 0.231386
-0.788948 0.600358 0.130886
0.742003 -0.568898 0.354664
0.596053 -0.796672 0.100171
0.577116 -0.501641 0.644433
0.440683 -0.244027 0.863857
0.485834 -0.75268 0.444339
0.272604 0.13269 0.952933
0.0823236 0.399607 0.912982
-0.205323 0.526992 0.824695
0.137228 -0.166025 0.976527
-0.0514846 0.116719 0.99183
0.291536 -0.527686 0.797844
0.20039 -0.771845 0.603406
-0.342532 0.247167 0.906411
-0.310213 -0.0827196 0.947061
-0.0103356 -0.448875 0.893535
-0.110825 -0.716795 0.688421
-0.333589 -0.399919 0.853688
-0.424365 -0.653191 0.627101
-0.685791 -0.454565 0.568385
-0.587448 -0.206749 0.782406
-0.824188 -0.157436 0.543992
-0.615961 0.124373 0.777897
-0.830912 0.166729 0.530835
-0.539138 0.44278 0.716433
-0.742189 0.488621 0.458698
-0.368108 0.707649 0.6031
-0.566035 0.754341 0.332527
-0.45736 -0.823958 0.334538
-0.115373 -0.903643 0.412455
-0.351079 -0.935833 0.0309919
0.215173 -0.927308 0.306269
-0.0333805 -0.995397 0.0898328
0.0333122 0.969275 0.243714
-0.263143 0.898301 0.351867
-0.300527 0.953549 0.0206685
