-0.850651 -0.525731 0
0.962525 0.258139 0.0831252
-0.921523 -0.323426 0.214921
0.850353 0.430613 0.302444
0.692391 0.686639 0.221635
-0.655109 -0.752193 0.0709865
-0.756908 -0.574325 0.311836
0.920698 0.142013 0.363521
0.760956 0.315706 0.566812
0.62888 0.584504 0.512703
0.460735 0.801473 0.381266
0.43151 0.898418 0.0815067
-0.52318 -0.779714 0.343989
-0.310037 -0.931215 0.191613
-0.259769 -0.837891 0.480062
-0.0330497 -0.949588 0.311753
0.116833 0.992671 0.0309041
0.182039 0.929547 0.320632
0.223675 0.782225 0.581458
0.393344 0.569625 0.72167
0.538123 0.296929 0.788833
0.712546 0.0504999 0.699806
0.166437 -0.98262 0.0821974
-0.116287 0.96692 0.227031
-0.0657576 0.859848 0.506298
0.0101776 0.656795 0.754
0.179759 0.424534 0.887388
0.31746 0.148931 0.936504
0.495666 -0.0985379 0.862905
-0.279357 0.703066 0.653955
-0.353281 0.850133 0.39047
-0.415177 0.905103 0.0917393
-0.216004 0.483108 0.848498
-0.0511141 0.249702 0.966973
0.0725429 -0.0333915 0.996806
0.259422 -0.27982 0.924338
0.689192 -0.24829 0.68071
0.877161 -0.139464 0.459498
0.470402 -0.438625 0.765722
0.990206 -0.0411561 0.13341
-0.985728 -0.0206418 0.167078
0.921523 -0.323426 0.214921
0.769585 -0.444606 0.458327
-0.957685 0.275586 0.0830123
0.781986 -0.593507 0.190388
-0.666745 0.742798 0.0608514
-0.82175 0.527656 0.215189
-0.614785 0.700376 0.362647
0.562395 -0.798018 0.216516
0.558356 -0.66982 0.489468
0.293939 -0.887823 0.354076
0.0406404 -0.819207 0.572056
0.305819 -0.690418 0.655589
0.108201 -0.535114 0.837822
-0.160388 -0.659941 0.733998
-0.459801 -0.64369 0.611756
-0.0614529 -0.30008 0.951932
-0.317287 -0.429396 0.845546
-0.226892 -0.0333095 0.97335
-0.383186 0.229687 0.894658
-0.494845 0.500849 0.710126
-0.726198 0.46013 0.510799
-0.891007 0.238677 0.386187
-0.657367 0.235617 0.715788
-0.506298 -0.0657576 0.859848
-0.585483 -0.348448 0.731979
-0.742798 -0.0608514 0.666745
-0.797321 -0.317308 0.513415
