-0.8409416 -0.54106181 0.0083273658
0.87734447 0.41246789 0.24522831
0.9660915 0.25733141 0.021160354
-0.89854852 -0.37215954 0.2326109
0.72241676 0.65295795 0.2275081
-0.6532462 -0.75652528 0.030641574
-0.74446342 -0.61108323 0.26898234
0.94552179 0.13849141 0.2946331
0.68030858 0.54525958 0.48976753
0.81596567 0.29292103 0.49839472
-0.76516443 -0.42363778 0.48482413
-0.9806975 -0.059922685 0.18612279
0.99433438 -0.05632721 0.090146515
-0.88515912 -0.16840466 0.43374324
-0.96458429 0.22271826 0.1413284
-0.90871446 0.11538237 0.40115451
-0.8502402 0.45215944 0.26952449
0.89176395 -0.45228198 0.014073513
0.92584386 -0.28705742 0.24578687
0.88662356 -0.093001439 0.45304458
0.75338289 0.060995665 0.65474709
0.62549474 0.32230012 0.71054836
-0.74089234 0.66275824 0.10876609
0.79633527 -0.54168295 0.26912771
0.79250051 -0.36097272 0.49157058
0.67633772 -0.21028942 0.70593601
0.54226146 0.0045343129 0.84019757
0.6439498 -0.7509798 0.14614376
0.40428903 0.25274522 0.87901663
0.62977317 -0.59829206 0.4954113
0.47117447 -0.80100807 0.36929757
0.52549206 -0.45361131 0.71978807
0.4084904 -0.24596909 0.87899647
0.27660657 -0.0050562585 0.96096995
0.38596026 -0.68319044 0.61990765
0.26328458 -0.49572411 0.82761032
0.13286108 -0.27326324 0.95271986
0.46878879 0.56065214 0.68257325
0.24153643 0.485466 0.8402279
0.13009066 0.24128578 0.96169516
-0.0065303873 -0.02724876 0.99960735
0.51596597 0.76010853 0.39498626
0.42549146 0.90271473 0.063742641
0.29438691 0.76200755 0.57678492
0.28365337 0.90648178 0.31278036
0.064958435 0.68175891 0.72868731
0.044043517 0.87090037 0.48948209
-0.041002518 0.46549315 0.88410119
-0.15532545 0.21514484 0.96415077
-0.1873627 0.76248455 0.61928389
-0.31832008 0.48520742 0.81439922
-0.42797809 0.2222115 0.87604612
-0.30743853 -0.027435298 0.95117236
-0.15372614 -0.26935332 0.95069294
-0.030031051 -0.51110319 0.85899457
0.11195851 -0.70388666 0.70143343
0.20977368 -0.85545083 0.47349644
0.28017974 -0.939685 0.1961923
-0.52222804 0.84752974 0.094716444
-0.67170051 0.59308293 0.44392686
-0.4493484 0.6462566 0.6167969
-0.47995232 0.79400221 0.37310355
-0.21500562 0.90332287 0.37118778
-0.25913692 0.96125795 0.093974562
0.019985432 0.97453609 0.22333827
0.019891581 -0.99802879 0.059521949
-0.78065687 0.3403987 0.52412172
-0.57376027 0.40597035 0.71132779
-0.76063408 0.080878354 0.64412304
-0.56473433 -0.024435782 0.82491092
-0.71882508 -0.2050033 0.66427717
-0.42640961 -0.27264589 0.86246105
-0.30870483 -0.5246813 0.79335419
-0.56597634 -0.45298562 0.68882132
-0.24837094 -0.95615528 0.15517395
-0.026928557 -0.94128351 0.33654154
-0.16948308 -0.73474996 0.65682416
-0.48242699 -0.686117 0.54452517
-0.2862505 -0.85823365 0.42602307
-0.52890324 -0.79928223 0.28532312
