-0.850651 -0.525731 0
0.95746 0.209329 0.198623
-0.95746 -0.209329 0.198623
0.77565 0.493939 0.392927
-0.77565 -0.493939 0.392927
0.60108 0.776626 0.18856
-0.575376 -0.791174 0.207332
-0.472778 -0.66463 0.578574
-0.230237 -0.901451 0.366576
0.283415 0.958505 0.0307329
-0.0907605 -0.718241 0.68985
0.164016 -0.882055 0.441675
0.0999833 -0.993068 0.0617931
0.276468 0.868813 0.410767
-0.115583 0.936494 0.331088
0.481837 0.612674 0.626469
0 0.750007 0.66143
0.187894 0.470817 0.86199
0.645066 0.269251 0.715118
0.859718 -0.0103355 0.510664
0.348074 0.115316 0.930348
0.610622 -0.14093 0.779281
0.303387 -0.630944 0.714049
0.26897 -0.295274 0.916771
0.648494 -0.485894 0.585972
0.526633 -0.785317 0.325477
-0.46365 0.883919 0.0609563
0.885463 -0.346695 0.309448
0.776552 -0.628006 0.0507467
-0.988779 0.148454 0.0166674
-0.458327 0.769585 0.444606
-0.765026 0.55036 0.334423
-0.893198 0.189919 0.407588
-0.800119 -0.148891 0.581068
-0.523627 -0.329851 0.785502
-0.121761 -0.397184 0.909626
-0.0276203 -0.0167009 0.999479
-0.42471 0.0329356 0.90473
-0.653955 0.279357 0.703066
-0.282403 0.400944 0.871488
