0.853334 0.521105 0.0164517
0.940585 0.0617238 0.3339
0.777195 0.460913 0.428402
-0.962239 -0.167325 0.214706
-0.743961 -0.529322 0.407849
-0.569818 -0.809978 0.138717
0.541294 0.791898 0.282664
0.974819 -0.222999 0
-0.771841 -0.159613 0.615456
-0.871054 0.227685 0.43523
-0.593507 0.190388 0.781986
-0.413274 -0.196403 0.889174
-0.436792 -0.573068 0.693402
-0.259892 -0.862668 0.433889
-0.183759 -0.982484 0.0309524
0.131782 0.911107 0.390534
0.440091 0.61176 0.65732
-0.0203518 0.689842 0.723674
-0.220102 0.356133 0.908143
-0.485894 0.585972 0.648494
-0.292822 0.874225 0.38728
-0.749435 0.610926 0.25518
0.200715 0.358204 0.911813
-0.04492 -0.0166995 0.998851
0.707397 0.130868 0.694596
0.376803 -0.0330226 0.925705
-0.0618629 -0.43227 0.89962
0.773567 -0.307772 0.553959
0.101072 -0.746349 0.657835
0.399381 -0.456698 0.794935
0.165941 -0.946748 0.275921
0.49549 -0.868613 0
0.791892 -0.583429 0.180328
0.493588 -0.731779 0.469969
