-0.850651 -0.525731 0
0.967277 0.102196 0.232233
-0.943879 -0.142749 0.297852
-0.690399 -0.492543 0.529858
-0.506377 -0.852775 0.127897
0.578529 0.741307 0.340248
0.727981 0.347836 0.590808
-0.284746 -0.769446 0.571727
-0.0333216 -0.977141 0.209964
0.13269 0.952933 0.272604
0.269495 0.631995 0.726605
0.310525 0.165615 0.936027
0.677289 -0.120968 0.725704
0.206749 -0.782406 0.587448
0.254807 -0.356275 0.898967
0.639079 -0.56766 0.51898
0.911238 -0.384373 0.147997
0.456188 -0.871755 0.178707
-0.264129 -0.37136 0.890128
-0.203063 0.132969 0.970095
-0.660884 -0.0406421 0.749387
-0.870576 0.340573 0.355117
-0.593773 0.75414 0.280547
-0.206749 0.782406 0.587448
-0.539138 0.44278 0.716433
