-0.894306 -0.439815 0.0823427
0.979426 0.151549 0.133256
-0.970505 0.0614236 0.233124
0.689842 0.723674 0.0203518
0.765026 0.55036 0.334423
-0.679467 -0.570576 0.461267
0.858683 0.207156 0.468776
0.507198 0.108758 0.85494
0.207309 0.279403 0.937527
0.313491 -0.198661 0.928578
0.87463 -0.159117 0.457934
0.627 0.396953 0.670298
0.638646 -0.214919 0.738878
0.227241 0.596535 0.769745
0.151959 0.848387 0.507097
0.420581 0.880517 0.218637
-0.13086 0.651286 0.747464
0.0666612 0.984477 0.162362
-0.299185 0.948702 0.102238
0.490264 0.692936 0.52866
-0.265438 0.845972 0.462466
-0.561919 0.274202 0.780423
-0.398127 -0.0165097 0.917182
-0.0172983 0 0.99985
-0.881921 -0.247828 0.400994
-0.201189 0.32553 0.92388
-0.191613 -0.310037 0.931215
-0.815477 0.0799385 0.573243
-0.516941 0.602514 0.60807
-0.648117 -0.225306 0.727449
-0.424476 -0.520019 0.741216
0.100201 -0.816793 0.568162
0.416724 -0.507437 0.754221
0.264286 -0.926741 0.267028
-0.464066 -0.851097 0.245512
0.0501471 -0.562125 0.825531
0.594986 -0.794753 0.119827
-0.099775 -0.971065 0.216975
0.493588 -0.731779 0.469969
-0.263619 -0.791134 0.551917
0.783452 -0.516122 0.346153
-0.837951 0.544504 0.0367932
0.971065 -0.216975 0.099775
-0.799398 0.441484 0.407498
-0.59402 0.760075 0.263489
