-0.802005 -0.594204 0.0608998
0.780021 0.372605 0.502726
0.45542 0.0822203 0.886472
0.580582 0.605133 0.544736
0.0608998 0.802005 0.594204
-0.598496 0.534169 0.597048
-0.516324 -0.0328985 0.855761
0.0514846 0.116719 0.99183
-0.601501 -0.707107 0.371748
-0.0824101 -0.901881 0.424051
0.273707 -0.55474 0.785715
0.761045 -0.398787 0.511644
-0.689842 0.723674 0.0203518
0.999229 0.0206401 0.0333964
-0.663299 -0.479043 0.574937
-0.80878 0.336177 0.482555
0.606851 0.753054 0.254248
-0.422641 0.884126 0.199237
-0.11655 -0.990569 0.0720317
0.527461 -0.586364 0.614787
-0.356294 -0.893867 0.272133
0.45702 0.37678 0.80571
0.161006 0.394136 0.904839
0.24458 -0.116279 0.962632
-0.0704538 0.585576 0.80755
-0.172079 0.311875 0.93441
-0.454496 0.350624 0.818838
-0.233398 -0.0166574 0.972239
0.303387 0.630944 0.714049
-0.322337 0.689353 0.648761
0.0822735 -0.366809 0.926651
0.469123 -0.319506 0.82331
-0.218659 -0.325787 0.91981
-0.119827 -0.594986 0.794753
-0.344599 -0.753635 0.559719
0.101176 -0.764743 0.636343
-0.416724 -0.507437 0.754221
0.821428 0.521295 0.231316
0.933435 0.224739 0.279629
0.859381 0.0299692 0.510456
0.927348 -0.209104 0.310323
0.831073 -0.523138 0.188796
0.953523 -0.300866 0.0165266
0.674215 0.184558 0.715103
0.686707 -0.130852 0.71506
-0.838746 -0.433893 0.329003
-0.954052 -0.142301 0.263694
-0.942539 -0.333688 0.0165232
-0.859718 0.0103355 0.510664
-0.951056 0.16246 0.262866
-0.848634 0.482533 0.216754
-0.706105 -0.197216 0.680089
-0.688745 0.177782 0.702869
0.350624 0.818838 0.454496
0.364972 0.922944 0.122354
0.0993701 0.94762 0.303549
-0.585576 -0.80755 0.0704538
-0.149541 0.984427 0.0924216
-0.196334 0.881675 0.429071
-0.641931 0.693297 0.327512
0.165902 -0.96046 0.223593
0.459498 -0.877161 0.139464
0.35532 -0.826411 0.436799
0.6291 -0.700535 0.336874
