-0.845478 -0.524065 0.102577
0.851562 0.300221 0.429778
0.549336 0 0.835602
0.648999 0.550617 0.524996
0 0.868328 0.495991
-0.361252 0.439187 0.822564
-0.527656 -0.215189 0.82175
-0.0482476 -0.0500751 0.997579
-0.415874 -0.700912 0.579458
0.0500469 -0.989623 0.134691
0.482427 -0.546783 0.684319
0.765372 -0.436409 0.473026
0.62024 -0.780204 0.0811419
-0.993715 0.100128 0.0500546
-0.400944 -0.871488 0.282403
-0.772575 0.48624 0.408286
0.58069 0.760843 0.289684
-0.524996 0.648999 0.550617
0.34113 -0.89733 0.280054
0.581715 -0.707769 0.400838
0.266349 0.963661 0.0203965
0.436409 0.473026 0.765372
0.209104 0.310323 0.927348
0.266908 -0.0166551 0.963578
0.0305178 0.562543 0.826205
-0.122082 0.264412 0.956652
-0.577428 0.196705 0.792391
-0.349991 0.0165139 0.936608
0.259046 0.726941 0.635965
-0.2289 0.703983 0.672319
0.177822 -0.566504 0.804645
0.36339 -0.308981 0.878907
-0.0412757 -0.367605 0.929066
-0.11084 -0.69633 0.709111
-0.0988432 -0.895411 0.43413
0.20299 -0.802559 0.560976
-0.336177 -0.482555 0.80878
0.812164 0.538168 0.225309
0.97204 0.0921453 0.215979
0.841775 -0.0494396 0.537559
0.931544 -0.249782 0.264261
0.821156 -0.54592 0.166353
-0.903643 0.412455 0.115373
0.674872 0.255505 0.692289
0.645066 -0.269251 0.715118
-0.66329 -0.657181 0.357994
-0.857377 -0.341572 0.385011
-0.971083 -0.223774 0.0832009
-0.766347 -0.1305 0.629033
-0.936235 -0.0103365 0.351222
-0.619642 0.74573 0.244806
-0.642364 -0.446833 0.622663
-0.801504 0.197274 0.564513
0.293939 0.887823 0.354076
-0.066625 0.978213 0.196622
-0.323266 0.862631 0.38906
-0.621778 -0.78214 0.0406044
-0.367185 0.928088 0.0618653
