-0.850651 -0.525731 0
0.96631 0.181824 0.182167
0.783878 0.476655 0.397913
-0.953223 -0.194795 0.23113
-0.755728 -0.520209 0.397816
-0.581068 -0.800119 0.148891
0.557508 0.790122 0.254739
-0.779616 -0.169109 0.602993
-0.433071 -0.728738 0.530463
-0.48624 -0.408286 0.772575
-0.510938 0 0.859618
-0.174592 -0.198489 0.964427
-0.129974 -0.606101 0.784696
-0.0493738 -0.875153 0.481321
-0.215449 -0.970015 0.112485
0.182273 0.935252 0.303449
0.368108 0.707649 0.6031
-0.14999 0.98606 0.072033
0.310458 -0.903433 0.295675
0.255505 -0.692289 0.674872
0.200715 -0.358204 0.911813
-0.0405766 0.785785 0.617167
-0.368502 0.847149 0.382812
-0.390037 0.597655 0.700485
-0.234383 0.295192 0.926243
0.11872 0.491777 0.86259
0.120751 0.0834017 0.989173
0.499121 0.351329 0.792115
0.496441 -0.0493419 0.866667
0.784696 0.129974 0.606101
0.563344 -0.421773 0.710458
-0.692528 0.301233 0.655487
0.851097 -0.245513 0.464066
0.635869 -0.664252 0.392988
0.574934 -0.8182 0
-0.707649 0.6031 0.368108
0.852045 -0.517925 0.075979
-0.929073 0.274377 0.248073
