-0.850651 -0.525731 0
0.773811 0.362368 0.519525
0.525731 0 0.850651
0.309017 0.5 0.809017
0.478242 0.840609 0.254286
0 0.850651 0.525731
-0.362368 0.519525 0.773811
0 0.0667981 0.997767
-0.525731 0 0.850651
-0.773811 -0.362368 0.519525
-0.198227 -0.454262 0.868535
0.362368 -0.519525 0.773811
0 -0.850651 0.525731
0.0667981 -0.997767 0
-0.5 -0.809017 0.309017
0.809017 -0.309017 0.5
0.997767 0 0.0667981
0.850651 -0.525731 0
-0.868535 0.198227 0.454262
-0.5 0.809017 0.309017
0.5 -0.809017 0.309017
