-0.829886 -0.555954 0.0469514
0.983833 0.175962 0.0333309
0.857229 0.373997 0.353955
0.656161 0.698996 0.284354
-0.89733 -0.280054 0.34113
-0.64684 -0.649448 0.399769
-0.536948 -0.840786 0.0690419
0.923067 -0.0103365 0.3845
0.719734 0.189736 0.667819
0.509556 0.524678 0.681957
0.727958 -0.199331 0.656006
0.460791 -0.0164666 0.887356
0.199492 0.29477 0.934512
0.335116 0.821198 0.461879
0.13086 0.651286 0.747464
0.19858 0.97237 0.122729
-0.0493877 0.88338 0.466048
-0.199152 0.974602 0.102416
-0.215481 -0.937963 0.27165
-0.369805 -0.626368 0.686227
0.182444 -0.940654 0.286156
-0.0203324 -0.803303 0.595224
0.423639 -0.412042 0.806691
0.364626 -0.730104 0.577924
0.0299692 -0.510456 0.859381
0.109784 -0.149623 0.982629
0.698007 -0.537883 0.472724
0.549211 -0.804651 0.225618
0.916552 -0.347466 0.197989
-0.777201 0.628515 0.0304597
-0.519735 0.812958 0.262631
-0.971059 0.171797 0.165925
-0.80268 0.449321 0.392194
-0.361592 0.697037 0.619186
-0.840786 0.0690419 0.536948
-0.578947 0.390442 0.715804
-0.178707 0.456188 0.871755
-0.206834 0.0832144 0.974831
-0.560959 0.0101677 0.827781
-0.664361 -0.341617 0.664772
-0.303351 -0.294993 0.906067
