-0.850651 -0.525731 0
0.962632 0.24458 0.116279
0.833209 0.458791 0.308665
-0.93417 -0.296273 0.198871
-0.777923 -0.547979 0.307498
-0.652502 -0.74958 0.11123
0.668398 0.714464 0.206848
0.890296 0.160161 0.426288
-0.820401 -0.300607 0.486392
0.71454 0.382627 0.585687
0.569708 0.655067 0.496307
0.399919 0.853688 0.333589
0.416877 0.908436 0.0309383
-0.415608 -0.86724 0.274162
-0.558356 -0.66982 0.489468
-0.603556 -0.419176 0.678241
-0.280319 -0.790112 0.545109
-0.332527 -0.566035 0.754341
-0.115808 -0.942339 0.313984
-0.116889 -0.993091 0.0103221
0.0993701 0.94762 0.303549
0.213023 0.792649 0.571252
0.375178 0.573635 0.728138
0.511084 0.292299 0.808303
0.721522 0.080823 0.687658
0.030491 -0.811377 0.583727
-0.0203507 -0.59876 0.80067
0.197989 -0.916552 0.347466
0.200368 -0.978852 0.0412509
-0.215481 0.937963 0.27165
-0.0963503 0.835674 0.540709
0.0203519 0.64532 0.763641
0.161006 0.394136 0.904839
0.267381 -0.65662 0.705236
0.463653 -0.750207 0.471397
0.456188 -0.871755 0.178707
-0.545532 0.826677 0.13784
-0.433122 0.784819 0.443243
-0.29391 0.643654 0.706631
-0.160161 0.426288 0.890296
0.296787 0.115989 0.947873
0.512637 -0.0923768 0.853621
0.324668 -0.385521 0.863692
0.542992 -0.513722 0.664266
0.717059 -0.233506 0.656735
0.144411 -0.149665 0.978134
-0.0103229 0.15033 0.988582
-0.102481 -0.333001 0.937341
-0.401461 -0.261444 0.877768
-0.295262 0.0330481 0.954845
-0.667677 -0.111049 0.736122
-0.437717 0.286761 0.852157
0.899037 -0.150786 0.411092
0.773505 -0.452829 0.443437
0.692451 -0.680858 0.238631
-0.794015 0.605777 0.0507458
0.911094 -0.378097 0.164167
0.990569 -0.0720317 0.11655
-0.697037 0.619186 0.361592
-0.577116 0.501641 0.644433
-0.692192 0.204615 0.6921
-0.930578 0.334536 0.148695
-0.828447 0.342848 0.442867
-0.868428 0.0206668 0.495384
-0.979477 0.0206298 0.200496
