-0.850651 -0.525731 0
0.970187 0.237155 0.049948
0.86495 0.396435 0.307734
0.703903 0.666411 0.2458
-0.644291 -0.762348 0.0609492
-0.756908 -0.574325 0.311836
-0.916244 -0.301259 0.264083
-0.985938 0 0.167113
0.98606 -0.072033 0.14999
0.905103 0.0917393 0.415177
0.741534 0.314413 0.592683
0.580582 0.605133 0.544736
0.442867 0.828447 0.342848
0.384329 0.922678 0.0309393
-0.506478 -0.786094 0.354311
-0.231772 -0.940847 0.247162
-0.236109 -0.80216 0.548445
-0.481837 -0.612674 0.626469
-0.728138 -0.375178 0.573635
-0.875091 -0.0702728 0.47883
0.0494888 -0.913698 0.40337
0.0333925 -0.997915 0.0552311
0.132792 0.966393 0.220117
0.16227 0.839728 0.518195
0.303387 0.630944 0.714049
0.491787 0.366969 0.789607
0.627242 0.0710046 0.775581
0.78231 -0.149549 0.60467
0.886043 -0.314437 0.340673
-0.945267 0.322513 0.0495495
-0.899748 0.229434 0.371232
-0.131782 0.911107 0.390534
-0.0304831 0.633653 0.773017
-0.299138 0.73627 0.606979
0.161006 0.394136 0.904839
0.331088 0.115583 0.936494
0.548445 -0.236109 0.80216
0.678725 -0.535921 0.502118
0.810272 -0.568191 0.14359
-0.791892 0.583429 0.180328
-0.545041 0.748288 0.378147
-0.298581 0.946488 0.122519
-0.586189 0.808579 0.0508195
0.310323 -0.927349 0.209104
0.581005 -0.76687 0.272661
0.351329 -0.792115 0.499121
0.43227 -0.532394 0.727804
0.0708124 -0.738755 0.670244
-0.723771 0.487216 0.488648
-0.197274 -0.564513 0.801504
0.138204 -0.490456 0.860438
0.24422 -0.199001 0.949081
-0.735965 0.208867 0.643996
-0.669094 -0.0909534 0.737591
-0.471978 -0.345798 0.810963
-0.0918891 -0.282412 0.954882
-0.0206286 0.0667839 0.997554
-0.343671 -0.0825048 0.935459
-0.495105 0.184424 0.849034
-0.487216 0.488648 0.723771
-0.200715 0.358204 0.911813
