-0.85902721 -0.51114703 0.028301575
0.98102847 0.19302034 0.018063833
-0.90485754 -0.30350292 0.29852774
-0.70223864 -0.64371143 0.30413242
-0.63682044 -0.77096485 -0.0085424563
0.66407246 0.66814924 0.33553601
0.86969008 0.395487 0.29534592
-0.96520714 0.032752546 0.25942717
0.98696257 -0.14771609 0.063912838
0.94089916 0.061209095 0.33310991
-0.90926331 0.37364163 0.18339083
0.87465266 -0.46187723 0.14714679
0.86606472 -0.26122233 0.42625676
-0.71644869 0.64887347 0.25625087
0.67604548 -0.73306533 0.074684194
0.7052694 -0.56516326 0.42800189
-0.45474754 0.87882843 0.14444831
0.39815186 -0.8965146 0.19425933
0.42618314 -0.75089836 0.50449936
0.12940974 -0.90346539 0.40866056
0.14778981 -0.98875947 -0.022647285
-0.12407166 -0.97441455 0.18741008
-0.43284059 -0.85624604 0.28194284
-0.17076192 -0.81622322 0.55192394
0.14083631 -0.70840749 0.69160973
-0.48122357 -0.66910152 0.56632768
-0.15849846 -0.57853924 0.80010662
-0.71476195 -0.41643651 0.56186834
-0.45736535 -0.40880456 0.78974412
-0.82556077 -0.090955485 0.55693495
-0.58695161 -0.090642031 0.80453206
-0.83363731 0.24699886 0.4940045
-0.62306233 0.53776859 0.56797736
-0.60828859 0.24877183 0.75372249
0.3428208 0.93638956 0.07515659
0.37180849 0.83633973 0.40285769
0.071464775 0.95572015 0.28546765
-0.238926 0.87923477 0.41214147
0.086950995 0.80108401 0.59220263
-0.32195002 0.66825289 0.67066107
-0.028082672 0.57104983 0.82043493
-0.31424349 0.38622271 0.86722723
-0.30979276 0.052347392 0.949362
-0.18501451 -0.26804909 0.94547307
0.12510486 -0.4104642 0.90325408
0.416511 -0.51177004 0.75140538
0.65910222 -0.27343152 0.7005851
0.77311595 0.043803242 0.63275036
0.70644713 0.37929515 0.59755139
0.45652783 0.61011381 0.64756737
0.27552331 0.41631498 0.86646913
0.52886044 0.18704052 0.82784212
0.41760405 -0.1303942 0.89922428
0.092321887 -0.070458405 0.99323325
-0.011827934 0.25616079 0.96656183
