-0.750007 -0.66143 0
0.813619 0.344632 0.468245
0.481321 0.0493738 0.875153
0.581952 0.54065 0.607478
0.0672695 0.812997 0.578369
-0.654483 0.560156 0.507817
-0.432108 0.147912 0.889609
-0.0514859 0.15016 0.98732
-0.601479 -0.571988 0.557721
0.0595126 -0.85021 0.523068
0.598496 -0.534169 0.597048
0.808411 -0.281534 0.516924
0.811377 -0.583727 0.030491
-0.998851 -0.04492 0.0166995
-0.791864 -0.335869 0.510043
-0.825267 0.281821 0.489399
0.540315 0.818253 0.196267
-0.456698 0.794935 0.399381
-0.0666044 -0.981483 0.179596
0.59402 -0.760075 0.263489
-0.26071 -0.870358 0.417742
0.436799 0.35532 0.826411
0.141411 0.395738 0.907411
0.203321 -0.0499845 0.977835
-0.0507842 0.609853 0.790885
-0.238677 0.386187 0.891007
-0.51253 0.413246 0.752689
-0.258139 -0.0831252 0.962525
0.295888 0.618749 0.727737
-0.341617 0.664772 0.664361
0.142013 -0.363521 0.920698
0.437717 -0.286761 0.852157
-0.171163 -0.377214 0.910172
0 -0.622292 0.782786
-0.308447 -0.667033 0.67818
0.323518 -0.579446 0.74805
-0.466914 -0.38741 0.794924
0.735032 0.599999 0.3158
0.949405 0.212293 0.231436
0.849995 0.0392598 0.525326
0.958853 -0.101813 0.26502
0.785502 -0.523627 0.329851
0.949588 -0.311753 0.0330497
0.678012 0.211927 0.703837
0.677289 -0.120968 0.725704
-0.779298 -0.555031 0.290921
-0.940255 -0.215054 0.263957
-0.917182 -0.398127 0.0165097
-0.859381 -0.0299692 0.510456
-0.95694 0.152612 0.246931
-0.847202 0.469431 0.248763
-0.660765 -0.147705 0.735916
-0.68471 0.150817 0.71304
0.371946 0.797818 0.474492
-0.367185 -0.928088 0.0618653
0.149256 0.965555 0.213133
-0.55444 -0.779768 0.290787
-0.166851 0.984044 0.0617953
-0.164167 0.911094 0.378097
-0.658103 0.731122 0.179895
0.24808 -0.933987 0.257148
0.46461 -0.885516 0
0.377449 -0.778488 0.501486
