-0.852045 -0.517925 0.075979
0.976766 -0.112669 0.182302
-0.98732 -0.0514859 0.15016
0.632369 0.771402 0.0710571
0.776288 0.54075 0.323985
-0.713409 -0.570944 0.406288
0.95163 0.258519 0.166038
0.511387 0.0493354 0.857933
-0.0103365 0.3845 0.923067
0.354076 -0.293939 0.887823
0.867079 0.0599265 0.494553
0.679151 0.36052 0.639358
0.700689 -0.214284 0.680528
0.358363 0.384375 0.850783
0.0329283 0.889481 0.455785
0.494647 0.766941 0.40881
-0.111089 0.674709 0.729676
0.263314 0.947759 0.180051
0.479478 -0.876093 0.0506228
0.255505 0.692289 0.674872
-0.329003 0.838746 0.433893
-0.461591 0.57994 0.67127
-0.316778 -0.0660424 0.946198
0.162362 0.0666612 0.984477
-0.867059 -0.246816 0.43277
-0.370738 0.293428 0.881166
0 -0.266405 0.963861
-0.872059 0.109496 0.476995
-0.638652 0.0609013 0.767082
-0.631866 -0.302729 0.713513
-0.317287 -0.429396 0.845546
-0.0923768 -0.853621 0.512637
0.516613 -0.536268 0.667479
-0.116672 0.985394 0.124039
-0.492212 -0.829821 0.262914
0.010177 -0.610624 0.791855
0.182625 -0.950513 0.251343
-0.165925 -0.971059 0.171797
0.257444 -0.781282 0.568613
-0.419176 -0.678241 0.603556
0.83748 -0.393261 0.379438
0.802005 -0.594204 0.0608998
-0.936504 0.31746 0.148931
-0.757935 0.45399 0.46843
-0.632217 0.732517 0.252431
0.602856 -0.71438 0.355282
