-0.850651 -0.525731 0
0.953424 0.226811 0.198844
-0.96046 -0.223593 0.165902
-0.800468 -0.481926 0.356369
-0.63614 -0.750382 0.179588
0.63614 0.750382 0.179588
0.77565 0.493939 0.392927
-0.536268 -0.667479 0.516613
-0.32529 -0.889024 0.322216
0.350737 0.935052 0.0515946
0.333565 0.845966 0.416024
0.510115 0.591696 0.624242
0.830912 0.166729 0.530835
0.578496 0.267971 0.770411
0.669094 -0.0909534 0.737591
0.366145 0.0165131 0.930411
0.254807 0.356275 0.898967
0.170263 0.669795 0.722763
-0.032906 0.873128 0.48638
0 0.990439 0.137952
0.0166574 -0.972239 0.233397
-0.0203244 -0.819715 0.57241
-0.254248 -0.606851 0.753054
-0.586764 -0.374471 0.717969
-0.830912 -0.166729 0.530835
-0.617676 0 0.786433
-0.293733 -0.279677 0.914058
0.0206402 -0.10021 0.994752
-0.292953 0.082876 0.952528
-0.100192 0.461983 0.881211
-0.305819 0.690418 0.655589
-0.45702 0.37678 0.80571
0.0515917 -0.448335 0.892376
0.398011 -0.337953 0.852863
0.301233 -0.655487 0.692528
0.323266 -0.862631 0.38906
0.351079 -0.935833 0.0309919
-0.385521 0.863692 0.324668
-0.628313 0.619242 0.470917
-0.75414 0.280547 0.593773
-0.942117 0.112543 0.315831
0.99183 -0.117336 0.0500511
0.893198 -0.189919 0.407588
0.664423 -0.450962 0.595966
0.642899 -0.700075 0.310766
0.873839 -0.463252 0.14766
-0.856885 0.465034 0.222468
-0.666745 0.742798 0.0608514
