-0.819715 -0.57241 0.0203244
0.830887 0.214309 0.513516
0.507097 -0.151959 0.848387
0.667844 0.684795 0.291618
0.0166574 0.972239 0.233397
-0.158301 0.568272 0.80747
-0.573728 0.127031 0.809135
-0.0276203 0.0167009 0.999479
-0.419176 -0.678241 0.603556
0.14999 -0.98606 0.072033
0.20039 -0.771845 0.603406
0.530789 -0.658643 0.533341
-0.479899 0.876776 0.0309894
0.962733 -0.2514 0.0997129
-0.685791 -0.454565 0.568385
-0.794924 0.466914 0.38741
-0.586941 -0.809565 0.010177
-0.384153 0.705627 0.595414
-0.294703 0.900244 0.320484
0.385906 -0.869725 0.307659
-0.690418 -0.655589 0.305819
0.64014 0.50307 0.580638
0.395576 0.405639 0.824001
0.303549 0.0993701 0.94762
0.170013 0.648138 0.742302
0.0720075 0.350426 0.933818
-0.274377 0.248073 0.929073
-0.354043 -0.0989206 0.929983
0.413246 0.752689 0.51253
-0.0469514 0.829886 0.555954
0.187448 -0.247265 0.950644
0.354311 -0.506478 0.786094
-0.131915 -0.380432 0.915352
-0.101117 -0.664414 0.740492
-0.415139 -0.855862 0.308479
-0.0824101 -0.901881 0.424051
-0.449321 -0.392194 0.80268
0.870358 0.417742 0.26071
0.966973 0.0511141 0.249702
0.852775 -0.127897 0.506377
0.828923 -0.444267 0.339873
0.668398 -0.714464 0.206848
-0.840222 0.539623 0.053243
0.620698 0.150979 0.769376
0.664608 -0.367467 0.650587
-0.874225 -0.38728 0.292822
-0.912982 -0.0823236 0.399607
-0.984477 -0.162362 0.0666612
-0.804645 0.177822 0.566504
-0.946933 0.204972 0.247596
-0.591844 0.734877 0.331173
-0.727956 -0.131116 0.67297
-0.596025 0.437001 0.673636
0.356133 0.908143 0.220102
-0.199641 -0.976427 0.0820588
