-0.803469 -0.595347 0
0.80878 0.336177 0.482555
0.506262 0.0164526 0.862223
0.571988 0.557721 0.601479
0 0.750007 0.66143
-0.597048 0.598496 0.534169
-0.510938 0 0.859618
0 0.100231 0.994964
-0.585014 -0.578625 0.568289
-0.060844 -0.784976 0.616532
0.558707 -0.637204 0.530865
0.754827 -0.38855 0.528455
-0.853334 0.521105 0.0164517
-0.999402 -0.0345915 0
-0.786094 -0.354311 0.506478
-0.820401 0.300607 0.486392
0.55444 0.779768 0.290787
-0.478987 0.803008 0.354613
-0.0834918 -0.996028 0.0309503
0.458345 -0.836407 0.300572
-0.667844 -0.684795 0.291618
0.416024 0.333565 0.845966
0.122354 0.364972 0.922944
0.240637 -0.0831686 0.967045
-0.137012 0.520773 0.842629
-0.274377 0.248073 0.929073
-0.503322 0.403129 0.7643
-0.247326 -0.0665669 0.966643
0.263489 0.59402 0.760075
-0.322337 0.689353 0.648761
0.24678 -0.371288 0.895123
0.51253 -0.413246 0.752689
-0.0203965 -0.266349 0.963661
-0.0399848 -0.55014 0.834115
-0.331173 -0.591844 0.734877
0.259957 -0.644544 0.719017
-0.430613 -0.302444 0.850353
0.768229 0.56477 0.301428
0.947665 0.152636 0.280417
0.850487 0.0196337 0.52563
0.943879 -0.142749 0.297852
0.862668 -0.433889 0.259892
0.964909 -0.260463 0.0333048
0.663207 0.218637 0.715789
0.69378 -0.160622 0.702046
-0.863857 -0.440683 0.244027
-0.951056 -0.16246 0.262866
0.944047 0.328151 0.0330414
-0.859718 -0.0103355 0.510664
-0.954052 0.142301 0.263694
-0.787296 0.530962 0.313441
-0.69378 -0.160622 0.702046
-0.69378 0.160622 0.702046
0.329851 0.785502 0.523627
0.330834 0.932869 0.14249
0.0989206 0.929983 0.354043
-0.586941 -0.809565 0.010177
-0.182338 0.972137 0.147318
-0.196205 0.873907 0.444737
-0.67297 0.727956 0.131116
-0.0825048 -0.935459 0.343671
0.198489 -0.964427 0.174592
0.206416 -0.857383 0.471472
-0.448875 0.893535 0.0103356
0.703465 -0.683488 0.194886
-0.356369 -0.800468 0.481926
-0.344732 -0.922861 0.171719
