-0.850651 -0.525731 0
0.964909 0.260463 0.0333048
0.876128 0.394429 0.277175
0.727302 0.642147 0.242237
-0.656519 -0.753692 0.0305195
-0.748779 -0.604412 0.272059
-0.906411 -0.342532 0.247167
-0.766941 -0.40881 0.494647
-0.527686 -0.797844 0.291536
-0.569764 -0.621306 0.53791
-0.877161 -0.139464 0.459498
-0.981641 -0.0515332 0.183645
0.994752 -0.0206402 0.10021
0.924826 0.102647 0.366279
0.718266 0.477682 0.505879
0.773334 0.207945 0.598926
-0.692192 -0.204615 0.6921
-0.504694 -0.428549 0.74942
-0.457226 -0.163886 0.87412
-0.627242 0.0710046 0.775581
-0.819548 0.128479 0.558421
-0.930534 0.216955 0.295021
-0.953523 0.300866 0.0165266
0.929031 -0.242142 0.279764
0.835851 -0.127709 0.533895
0.661294 -0.0203253 0.749852
0.551917 0.263619 0.791134
0.848838 -0.501176 0.168216
0.780985 -0.435077 0.448074
0.655589 -0.305819 0.690418
-0.828416 0.546427 0.123065
-0.79179 0.459164 0.402786
-0.664608 0.367467 0.650587
-0.44833 0.297763 0.842815
-0.282237 0.0663481 0.957048
-0.184536 -0.214578 0.959116
-0.23519 -0.480768 0.844718
-0.305819 -0.690418 0.655589
-0.26071 -0.870358 0.417742
-0.0406245 -0.802819 0.594837
0.0406575 -0.598369 0.800188
0.0821198 -0.33352 0.93916
0.451063 -0.180052 0.874142
0.334538 -0.45736 0.823958
0.354043 0.0989206 0.929983
0.0898328 -0.0333805 0.995397
0.259046 -0.726941 0.635965
0.520528 -0.575431 0.630816
-0.0410412 0.233395 0.971515
0.220102 0.356133 0.908143
0.424476 0.520019 0.741216
0.666008 -0.671342 0.325165
0.667502 -0.743496 0.0406771
0.416455 -0.813641 0.405653
0.131739 -0.917846 0.374438
0.429312 -0.895036 0.120834
-0.644192 0.712955 0.276969
0.507599 0.687574 0.519216
0.492212 0.829821 0.262914
-0.400628 -0.915314 0.0411968
-0.0997764 -0.9747 0.200013
0.15016 -0.98732 0.0514859
-0.424535 0.887388 0.179759
0.149541 0.984427 0.0924216
-0.132802 0.962219 0.237692
0.230237 0.901451 0.366576
0.238352 0.749885 0.617139
-0.0329071 0.864574 0.501427
-0.324314 0.83119 0.4516
-0.541969 0.643236 0.540848
0.0704538 0.585576 0.80755
-0.194886 0.703465 0.683488
-0.207156 0.468776 0.858683
