-0.850651 -0.525731 0
0.95163 0.258519 0.166038
-0.95163 -0.258519 0.166038
0.794268 0.506388 0.335723
0.649842 0.745028 0.150462
-0.658103 -0.731122 0.179895
-0.800468 -0.481926 0.356369
0.848498 0.216004 0.483108
0.551813 0.692313 0.464979
0.627101 0.424365 0.653191
0.646409 0.111177 0.754848
0.396435 0.307734 0.86495
0.355282 0.602856 0.71438
0.382197 -0.0165105 0.923933
0.597537 -0.217357 0.77182
0.828815 -0.118359 0.54686
0.965767 -0.0714762 0.249369
-0.994137 0.0688389 0.083388
0.929336 -0.359903 0.0824854
0.806691 -0.423639 0.412042
0.56766 -0.51898 0.639079
0.333589 -0.399919 0.853688
0.758008 -0.636058 0.144407
0.545041 -0.748288 0.378147
0.281913 -0.679996 0.676853
0.228338 -0.880251 0.415958
0.397184 -0.909626 0.121761
-0.607292 0.78678 0.110339
-0.821644 0.539914 0.182741
-0.898967 0.254807 0.356275
-0.891353 -0.0712403 0.447676
-0.720456 -0.286472 0.631567
-0.712546 0.0504999 0.699806
-0.707107 0.371748 0.601501
-0.627308 0.649933 0.429035
-0.568289 -0.585014 0.578625
-0.0304591 -0.794663 0.606286
-0.345798 -0.810963 0.471978
-0.0827196 -0.947061 0.310213
-0.378902 -0.912945 0.151539
-0.278954 -0.619244 0.733977
0.0298098 -0.537969 0.842437
-0.454496 -0.350624 0.818838
0.0614236 -0.233124 0.970505
-0.42471 -0.0329356 0.90473
0.0790967 0.0999844 0.99184
-0.465862 0.292961 0.834953
-0.132432 0.347999 0.928094
-0.426149 0.589261 0.686417
0.0304824 0.610367 0.791532
0.371288 0.895123 0.24678
0.188796 0.831073 0.523138
-0.163896 0.791151 0.589252
-0.370379 0.867267 0.332667
-0.0495553 0.950714 0.306082
0.0667839 -0.997554 0.0206286
