0.144407 -0.758008 0.636058
0.408148 0.0824592 0.909184
0.936012 0.337778 0.0989293
0.60467 0.78231 0.149549
-0.0833784 -0.995185 0.0515307
-0.339873 -0.828923 0.444267
0.791855 -0.010177 0.610624
0.712531 0.467745 0.522986
0.196403 0.889174 0.413274
0.298773 0.56741 0.76732
0.0511141 -0.249702 0.966973
0.493939 -0.392927 0.77565
0.972137 -0.147318 0.182338
-0.845478 0.524065 0.102577
-0.950516 0.0818625 0.299696
0.717969 -0.586764 0.374471
0.39238 -0.901911 0.180538
-0.623409 0.574926 0.529926
-0.743751 -0.218339 0.631794
-0.0511141 0.249702 0.966973
-0.179895 0.658103 0.731122
-0.523138 0.188796 0.831073
-0.354613 -0.478987 0.803008
-0.75821 -0.581356 0.2952
-0.310204 0.897719 0.312849
