-0.850651 -0.525731 0
0.843911 0.375039 0.383614
0.989623 0.134691 0.0500469
0.908436 -0.0309383 0.416877
-0.891834 -0.297289 0.340955
-0.664772 -0.664361 0.341617
0.562543 0.826205 0.0305178
0.573068 0.693402 0.436792
0.68471 0.150817 0.71304
0.41866 0.477439 0.772513
0.337778 0.0989293 0.936012
0.548445 -0.236109 0.80216
0.766941 -0.40881 0.494647
0.942339 -0.313984 0.115808
-0.952875 0.112183 0.281857
-0.830359 0.504209 0.237229
0.726507 -0.66472 0.174169
0.446833 -0.622663 0.642364
0.180538 -0.39238 0.901911
0.385906 -0.869725 0.307659
0.0773953 -0.804194 0.589307
-0.307734 -0.86495 0.396435
0.0166668 -0.986062 0.165541
0.198337 0.961188 0.19178
0.196705 0.792391 0.577428
-0.261919 -0.619543 0.739977
-0.619094 -0.412866 0.66803
-0.773017 -0.0304831 0.633653
-0.215054 -0.263957 0.940255
-0.460811 0.0658317 0.885053
-0.072033 0.14999 0.98606
0.010177 0.538175 0.842771
-0.664608 0.367467 0.650587
-0.351136 0.652147 0.671869
-0.164198 0.904255 0.39416
-0.55143 0.808281 0.206413
