-0.850651 -0.525731 0
0.991142 0.103398 0.083346
0.828447 0.342848 0.442867
0.592683 0.741534 0.314413
-0.461983 -0.881211 0.100192
-0.716433 -0.539138 0.44278
-0.920698 -0.142013 0.363521
-0.340358 -0.774398 0.533351
-0.459164 -0.402786 0.79179
-0.682452 0 0.730931
-0.851562 0.300221 0.429778
0.936608 -0.349991 0.0165139
0.877161 -0.139464 0.459498
-0.256586 0 0.966521
-0.513679 0.438475 0.737478
-0.692391 0.686639 0.221635
0.703903 -0.666411 0.2458
-0.0406752 -0.574458 0.817523
0.611756 -0.459801 0.64369
0.290921 -0.779298 0.555031
0.284189 -0.264227 0.92164
0.606286 0.0304591 0.794663
0.198962 0.182033 0.962953
0.496546 0.471201 0.72898
-0.0690419 0.536948 0.840786
0.213023 0.792649 0.571252
-0.308793 0.806698 0.50387
0.384329 -0.922678 0.0309393
-0.0166551 -0.963578 0.266908
0.0166645 0.979742 0.19957
