0.853334 0.521105 0.0164517
0.977844 0.0616677 0.200046
0.769266 0.478394 0.42352
-0.959116 -0.184536 0.214578
-0.767231 -0.51093 0.387695
-0.581068 -0.800119 0.148891
0.557508 0.790122 0.254739
-0.792524 -0.139437 0.593687
-0.433071 -0.728738 0.530463
-0.520209 -0.397816 0.755728
-0.510938 0 0.859618
-0.164601 -0.182282 0.969371
-0.138717 -0.569818 0.809978
-0.0493738 -0.875153 0.481321
-0.215449 -0.970015 0.112485
0.165805 0.941542 0.293271
0.368108 0.707649 0.6031
-0.166851 0.984044 0.0617953
0.325609 -0.89492 0.305118
0.24829 -0.68071 0.689192
0.210686 -0.340897 0.916188
-0.0405766 0.785785 0.617167
-0.394691 0.834092 0.38537
-0.464979 0.551813 0.692313
-0.234383 0.295192 0.926243
0.11872 0.491777 0.86259
0.13107 0.100061 0.986311
0.508882 0.361856 0.781089
0.496441 -0.0493419 0.866667
0.796672 0.100171 0.596053
0.563344 -0.421773 0.710458
-0.75414 0.280547 0.593773
0.857299 -0.283065 0.430014
0.648818 -0.657134 0.38368
-0.586941 0.809565 0.010177
-0.733613 0.592854 0.332167
0.859848 -0.506298 0.0657576
-0.945278 0.229765 0.231641
