-0.850651 -0.525731 0
0.979477 0.0206298 0.200496
0.741793 0.396286 0.541017
0.725504 -0.150715 0.671512
0.357089 0.214154 0.909189
0.245481 -0.341173 0.907381
0.530789 -0.658643 0.533341
0.853621 -0.512637 0.0923768
-0.933818 0.0720075 0.350426
-0.721424 -0.421947 0.549097
-0.310932 -0.279448 0.908422
-0.0708124 -0.738755 0.670244
-0.461451 -0.846805 0.264546
0.182295 -0.959114 0.216491
0.458345 0.836407 0.300572
-0.593507 0.190388 0.781986
-0.653191 0.627101 0.424365
-0.0989293 0.936012 0.337778
-0.137012 0.520773 0.842629
