0.84577 0.532883 0.0266209
0.957685 0.275586 0.0830123
-0.917299 -0.3545 0.181365
-0.770411 -0.578496 0.267971
-0.667502 -0.743496 0.0406771
0.703983 0.672319 0.2289
0.852157 0.437717 0.286761
-0.812154 -0.371316 0.450033
-0.56741 -0.76732 0.298773
-0.62888 -0.584504 0.512703
0.932869 0.14249 0.330834
-0.987688 -0.0822425 0.133071
0.992671 -0.0309041 0.116833
-0.911483 -0.102062 0.398474
-0.974261 0.193011 0.11646
-0.901911 0.180538 0.39238
0.942402 -0.30716 0.132406
0.912945 -0.151539 0.378902
-0.881402 0.453679 0.131555
-0.799398 0.441484 0.407498
0.818247 -0.56288 0.116781
0.788112 -0.41731 0.452474
-0.716795 0.688421 0.110825
-0.637717 0.671807 0.376819
0.666008 -0.671342 0.325165
0.572302 -0.813981 0.0995276
-0.501498 0.844857 0.186322
-0.763944 -0.150073 0.627589
-0.755818 0.140487 0.639533
-0.611627 -0.377712 0.695159
-0.649448 0.399769 0.64684
-0.595224 -0.0203324 0.803303
-0.504209 0.237229 0.830359
-0.440683 -0.244027 0.863857
-0.333688 0.0165232 0.942539
-0.488664 0.623493 0.610298
-0.350624 0.818838 0.454496
-0.344632 0.468245 0.813619
-0.221635 0.692391 0.686639
-0.197584 0.263677 0.944158
-0.0496035 0.510045 0.858716
-0.32763 -0.496714 0.8037
-0.384153 -0.705627 0.595414
-0.323903 -0.869647 0.372561
-0.413972 -0.90344 0.111464
0.488911 0.857929 0.157874
-0.177234 -0.230749 0.956736
-0.04492 0.0166995 0.998851
0.0918891 0.282412 0.954882
-0.0506228 -0.479478 0.876093
-0.120696 -0.706082 0.697769
-0.0658268 -0.876914 0.476118
-0.149539 -0.972437 0.1789
0.13257 -0.947822 0.289929
0.399919 -0.853688 0.333589
0.19899 -0.821822 0.533864
0.316868 -0.945748 0.0718017
0.150462 -0.649842 0.745028
0.484678 -0.683945 0.545258
-0.0501069 0.998691 0.010322
-0.247596 0.946933 0.204972
0.232233 0.967277 0.102196
0.0165274 0.958586 0.284322
-0.0430772 0.848119 0.528052
0.238463 0.856126 0.458458
0.11084 0.69633 0.709111
0.507437 0.754221 0.416724
0.683945 0.545258 0.484678
0.38368 0.648818 0.657134
0.283442 0.458618 0.842217
0.55557 0.437129 0.70729
0.797844 0.291536 0.527686
0.791532 -0.0304824 0.610367
0.649782 0.180837 0.738296
0.406737 0.212418 0.888506
0.233398 0.0166574 0.972239
0.102196 -0.232233 0.967277
0.562295 -0.0736114 0.823654
0.368518 -0.262661 0.891742
0.398787 -0.511644 0.761045
0.633705 -0.329009 0.700122
