-0.85735998 -0.51470862 -0.0029840457
0.99329935 -0.020422786 0.11375109
-0.86350323 -0.19912699 0.46336878
-0.51188036 -0.61843249 0.59625478
-0.4491754 -0.88720541 0.10539468
0.57783151 0.66958395 0.46665627
0.78146893 0.16242409 0.60243234
0.78370032 -0.3894795 0.48385899
-0.84315821 0.53415785 0.061315728
-0.71840371 0.3231359 0.61601891
-0.4795342 -0.12501662 0.86857228
-0.23264596 0.38041208 0.89507682
0.32974618 0.36544247 0.87047071
0.43770254 -0.18716929 0.87942262
-0.04292664 -0.48059321 0.87589238
0.047961877 0.78348153 0.61956142
-0.47236115 0.78325808 0.40420505
-0.077084106 0.99499641 0.063562402
-0.026586274 -0.87823668 0.47748666
0.49532513 -0.82473316 0.2728887
