-0.850651 -0.525731 0
0.976095 0.0103229 0.217097
-0.933818 -0.0720075 0.350426
-0.643236 -0.540848 0.541969
-0.427873 -0.892852 0.140501
0.728495 0.403894 0.553322
0.35532 0.826411 0.436799
-0.083346 0.991142 0.103398
-0.124373 -0.777897 0.615961
0.39861 -0.840422 0.367153
0.828416 -0.546427 0.123065
0.714049 -0.303387 0.630944
-0.552454 0.760406 0.341435
0.199999 -0.390469 0.898629
0.344643 0.165129 0.924096
-0.0911314 0.653941 0.751037
-0.655589 0.305819 0.690418
-0.358229 -0.131655 0.924305
