-0.859618 -0.510938 0
0.773811 0.362368 0.519525
0.665958 -0.131075 0.734383
0.958853 -0.101813 0.26502
-0.952875 0.112183 0.281857
0.703379 -0.58753 0.400082
0.254286 -0.478242 0.840609
0.212084 -0.865459 0.453874
-0.482555 -0.80878 0.336177
-0.479899 0.876776 0.0309894
-0.683971 0.579301 0.443388
-0.773811 -0.362368 0.519525
-0.525731 0 0.850651
0.0206401 0.0333964 0.999229
-0.308557 -0.527246 0.79171
-0.281821 0.489399 0.825267
0 0.850651 0.525731
0.31762 0.485931 0.814241
0.503093 0.814022 0.290285
-0.0667981 -0.997767 0
