-0.850651 -0.525731 0
0.976132 0.21654 0.016658
0.878907 0.36339 0.308981
0.703066 0.653955 0.279357
-0.622163 -0.782624 0.0203064
-0.724422 -0.61606 0.309328
-0.900244 -0.320484 0.294703
-0.72167 -0.393344 0.569625
-0.848029 -0.0784591 0.52411
-0.975678 0.0309524 0.217011
-0.626099 -0.134388 0.768075
-0.697528 0.187522 0.691585
-0.861701 0.291352 0.415435
-0.428312 0.115314 0.896243
-0.460913 0.428402 0.777195
-0.664266 0.542992 0.513722
-0.935459 0.343671 0.0825048
0.984427 -0.0924216 0.149541
-0.76097 0.619119 0.193951
0.810272 -0.568191 0.14359
0.863692 -0.324668 0.385521
0.893157 0.0309895 0.448677
0.741123 0.288316 0.606309
0.692427 -0.0303309 0.72085
0.664608 -0.367467 0.650587
0.63808 -0.634846 0.435687
0.585576 -0.80755 0.0704538
-0.510043 0.791864 0.335869
-0.335617 0.711034 0.617893
0.568289 0.585014 0.578625
0.490539 0.270692 0.82831
0.413796 -0.065943 0.907978
0.38537 -0.394691 0.834092
0.364721 -0.674179 0.642232
0.384375 -0.850783 0.358363
-0.316868 0.945748 0.0718017
-0.197001 0.90341 0.380843
0 0.768539 0.639803
0.271326 0.606679 0.74721
-0.14716 0.532476 0.833555
0.1521 0.346431 0.925663
-0.0996199 0.133178 0.986073
0.0924216 -0.149541 0.984427
-0.26878 -0.182547 0.945745
0.314544 0.815133 0.486437
0.116279 0.962632 0.24458
-0.451273 -0.418038 0.788414
0.0412992 -0.464213 0.88476
0.0304924 -0.740196 0.671699
-0.305819 -0.690418 0.655589
-0.450033 -0.812154 0.371316
-0.317401 -0.947785 0.0309918
-0.115373 -0.903643 0.412455
0.0666977 -0.987169 0.145079
