-0.850651 -0.525731 0
0.991648 0.110385 0.0667094
0.83668 0.359158 0.413488
0.605742 0.734794 0.305212
-0.898967 -0.254807 0.356275
-0.659696 -0.642175 0.390401
-0.446838 -0.889988 0.0908733
-0.270692 -0.82831 0.490539
-0.4345 -0.503033 0.747106
-0.677289 -0.120968 0.725704
-0.947759 0.180051 0.263314
-0.721243 0.312769 0.618049
-0.403788 0.180323 0.896905
-0.174592 -0.198489 0.964427
0 -0.598884 0.800836
0.174091 -0.857607 0.483945
-0.016693 -0.99517 0.0967366
0.198661 0.928578 0.313491
0.332029 0.677162 0.656665
-0.0206028 0.400883 0.915898
-0.121144 0.744727 0.656282
-0.248073 0.929073 0.274377
-0.609241 0.686338 0.397198
0.444472 -0.886287 0.130156
-0.827442 0.560723 0.030491
0.916771 -0.26897 0.295274
0.66803 -0.619094 0.412866
0.426662 -0.490331 0.759957
0.714184 -0.160573 0.681291
0.56477 0.301428 0.768229
0.34946 -0.0660551 0.93462
