-0.850651 -0.525731 0
0.859517 0.419913 0.291383
0.970187 0.237155 0.049948
-0.906411 -0.342532 0.247167
-0.737264 -0.613767 0.282369
-0.64532 -0.763641 0.0203519
0.667844 0.684795 0.291618
-0.978852 -0.0412509 0.200368
0.992788 -0.086136 0.0833765
0.937341 0.102481 0.333001
0.785715 0.273707 0.55474
0.621306 0.53791 0.569764
-0.489399 -0.825267 0.281821
0.439485 0.878135 0.18903
0.42352 0.769266 0.478394
-0.282858 -0.956494 0.0714919
0.165399 0.930213 0.327637
0 0.997607 0.0691416
0.134388 0.768075 0.626099
0.356867 0.577422 0.734322
0.547979 0.307498 0.777923
-0.11509 0.880662 0.459553
-0.29477 0.934513 0.199492
0.682311 0.0203334 0.730779
0.850475 -0.147348 0.504956
0.904573 -0.335103 0.263541
-0.927194 0.371295 0.0495148
-0.907381 0.245481 0.341173
-0.850487 -0.0196337 0.52563
-0.767112 -0.324657 0.553297
-0.585014 -0.578625 0.568289
-0.334423 -0.765026 0.55036
-0.148416 -0.924351 0.351493
0.132792 -0.966393 0.220117
-0.0101677 -0.794987 0.606541
0.287294 -0.826878 0.483462
0.415177 -0.905103 0.0917393
0.788948 -0.600358 0.130886
0.566035 -0.754341 0.332527
0.72898 -0.496546 0.471201
-0.631197 0.770242 0.0912016
-0.780423 0.561919 0.274202
-0.498775 0.773622 0.390811
0.647412 -0.296005 0.70231
0.481837 -0.612674 0.626469
0.198505 -0.611619 0.765845
0.382812 -0.368502 0.847149
0.429646 -0.06589 0.90059
-0.197274 -0.564513 0.801504
0.264442 0.231813 0.936127
0.0618653 -0.367185 0.928088
0.127752 -0.0667137 0.98956
0.0692064 0.509432 0.857723
-0.170379 0.690843 0.702643
-0.0616677 0.200046 0.977844
-0.246816 0.43277 0.867059
-0.485894 0.585972 0.648494
-0.728495 0.403894 0.553322
-0.538123 0.296929 0.788833
-0.639671 -0.0203335 0.76838
-0.34946 0.0660551 0.93462
-0.239847 -0.248001 0.938599
-0.523627 -0.329851 0.785502
