-0.84353728 -0.53701957 -0.0074047091
0.97509444 0.17755777 0.13290627
-0.95549349 -0.12703414 0.26626024
0.80194538 0.44588668 0.39757853
-0.79077259 -0.47425466 0.38698997
0.57966822 0.76288654 0.286337
-0.59707567 -0.77597723 0.20337154
-0.48562857 -0.66034875 0.57280399
-0.24615166 -0.90133914 0.35636654
0.32194456 0.94604565 0.036733326
-0.10376271 -0.7196778 0.68651086
0.15087317 -0.89301247 0.42398823
0.069599818 -0.99663507 0.043294466
0.2024426 0.88619505 0.41674373
-0.19005987 0.92320436 0.3340224
0.42949271 0.63836088 0.63877336
-0.063107299 0.7325427 0.67778954
0.156952 0.45855082 0.87469835
0.62214542 0.29527758 0.7250836
0.86270395 0.06158639 0.50194523
0.33727669 0.10353929 0.93569442
0.62585809 -0.12354362 0.77009001
0.29128814 -0.64377842 0.70760198
0.28972339 -0.29566545 0.91029792
0.64314499 -0.48481035 0.59272544
0.52789102 -0.77770508 0.34132957
-0.49343866 0.86652883 0.075140407
0.89257271 -0.30321657 0.33372694
0.79044308 -0.60609851 0.088568204
-0.97601026 0.21198544 0.049660325
-0.44543532 0.70300974 0.5544048
-0.74578229 0.58892581 0.31140835
-0.86982763 0.22716378 0.43794579
-0.77213079 -0.11608957 0.62476976
-0.48634754 -0.33314222 0.80776378
-0.10223316 -0.38845969 0.91577696
-0.047354444 0.0018651946 0.99887641
-0.43393816 0.055649905 0.89922231
-0.60458941 0.36607718 0.70743137
-0.24288031 0.40972608 0.87928021
