-0.850651 -0.525731 0
0.954052 0.142301 0.263694
-0.970015 -0.112485 0.215449
-0.757935 -0.45399 0.46843
0.720542 0.513494 0.465987
0.517544 0.837403 0.175796
-0.486392 -0.820401 0.300607
-0.371748 -0.601501 0.707107
-0.0329221 -0.881437 0.471153
-0.0835203 -0.996453 0.0103221
0.131555 0.881402 0.453679
0.273707 0.55474 0.785715
0.583429 0.180328 0.791892
0.801504 -0.197274 0.564513
0.947061 -0.310213 0.0827196
0.697037 -0.619186 0.361592
0.360134 -0.915124 0.181249
0.334692 -0.653497 0.678913
0.366576 -0.230237 0.901451
-0.112183 -0.281857 0.952875
-0.0513472 0.216788 0.974867
-0.556589 -0.176527 0.811817
-0.325609 0.89492 0.305118
-0.716795 0.688421 0.110825
-0.863692 0.324668 0.385521
-0.56477 0.301428 0.768229
-0.208867 0.643996 0.735965
