-0.850651 -0.525731 0
0.978213 0.196622 0.066625
0.852863 0.398011 0.337953
0.668765 0.697319 0.257874
-0.914058 -0.293733 0.279677
-0.723153 -0.609041 0.32576
-0.561522 -0.824514 0.0697823
0.371232 0.899748 0.229434
0.44278 0.716433 0.539138
0.642274 0.417811 0.642587
0.821534 0.108973 0.559649
0.954882 -0.0918891 0.282412
-0.986902 0.138097 0.0833932
0.568162 0.100201 0.816793
0.342388 0.414165 0.843349
0.700689 -0.214284 0.680528
0.81722 -0.413644 0.40131
0.88338 -0.466048 0.0493877
0.406737 -0.212418 0.888506
0.216975 0.099775 0.971065
0.509556 -0.524678 0.681957
0.668854 -0.703263 0.240945
0.38741 -0.794924 0.466914
0.179895 -0.658103 0.731122
0.0822735 -0.366809 0.926651
-0.110385 -0.0667094 0.991648
-0.0818625 0.299696 0.950516
0.111089 0.674709 0.729676
0.0658169 0.892927 0.445365
-0.236482 0.583704 0.776767
-0.281541 0.818438 0.500892
-0.684758 0.718656 0.120998
-0.378902 0.912945 0.151539
0 0.994618 0.103609
0.230749 -0.956736 0.177234
0.0329221 -0.881437 0.471153
-0.214578 -0.959116 0.184536
-0.422669 -0.795871 0.43352
-0.187522 -0.691585 0.697528
-0.273346 -0.386299 0.88094
-0.533341 -0.530789 0.658643
-0.602001 0.641651 0.475268
-0.848293 0.423388 0.318029
-0.89962 0.0618628 0.43227
-0.758652 -0.237086 0.606825
-0.518577 -0.118945 0.846717
-0.458458 0.238463 0.856126
