-0.850651 -0.525731 0
0.981641 0.0515332 0.183645
-0.928094 -0.132432 0.347999
-0.659705 -0.569496 0.490371
-0.924351 0.351493 0.148416
0.830721 -0.411329 0.375114
0.64532 -0.763641 0.0203519
0.761045 0.398787 0.511644
0.670244 -0.0708124 0.738755
0.447305 -0.556613 0.700072
-0.0606641 -0.688679 0.722524
0.247167 -0.906411 0.342532
-0.294993 -0.906067 0.303351
0.485234 0.851954 0.19678
-0.0166909 0.991226 0.131122
0.206081 -0.165671 0.964409
-0.396435 -0.307734 0.86495
0.365037 0.33926 0.866978
0.167523 0.770441 0.615107
-0.392194 0.80268 0.449321
-0.726605 0.269495 0.631995
-0.161663 0.361899 0.918093
