-0.688679 -0.722524 0.0606641
0.80355 0.300322 0.51392
0.386347 0.0989312 0.917033
0.61765 0.56516 0.546902
0.123065 0.828416 0.546427
-0.569496 0.490371 0.659705
-0.476117 0.0164564 0.879228
0.0822425 0.133071 0.987688
-0.620595 -0.671917 0.404216
-0.0406258 -0.767889 0.639293
0.617768 -0.63455 0.464444
0.686227 -0.369805 0.626368
-0.839728 0.518195 0.16227
-0.99985 -0.0172983 0
-0.8037 -0.32763 0.496714
-0.803008 0.354613 0.478987
0.668765 0.697319 0.257874
-0.42887 0.839258 0.334242
-0.200046 -0.977844 0.0616677
0.458618 -0.842217 0.283442
-0.346153 -0.783452 0.516122
0.501486 0.377449 0.778488
0.20936 0.405605 0.889749
0.206081 -0.165671 0.964409
0.0304831 0.633653 0.773017
-0.112226 0.381806 0.917404
-0.405434 0.322525 0.855337
-0.182588 -0.0166651 0.983048
0.344116 0.640787 0.686277
-0.280547 0.593773 0.75414
-0.0921981 -0.316419 0.944128
0.37744 -0.409642 0.830501
-0.396435 -0.307734 0.86495
0.0792333 -0.548905 0.832121
-0.272661 -0.581005 0.76687
0.31554 -0.678317 0.663567
-0.569496 -0.490371 0.659705
0.855109 0.451752 0.254379
0.951056 0.16246 0.262866
0.830634 -0.0988323 0.547978
0.954052 -0.142301 0.263694
0.838746 -0.433893 0.329003
0.957067 -0.289866 0
0.677289 0.120968 0.725704
0.551738 -0.149874 0.82044
-0.830359 -0.504209 0.237229
-0.947665 -0.152636 0.280417
-0.948172 -0.317329 0.0165241
-0.842771 0.010177 0.538175
-0.947665 0.152636 0.280417
-0.670298 0.627 0.396953
-0.66472 -0.174169 0.726507
-0.668819 0.201635 0.715559
0.412042 0.806691 0.423639
0.461983 0.881211 0.100192
0.166038 0.95163 0.258519
-0.452074 -0.865062 0.217478
-0.149449 0.957124 0.248152
-0.192895 0.812225 0.550529
-0.640868 0.758073 0.120883
-0.0989206 -0.929983 0.354043
0.116672 -0.985394 0.124039
0.196205 -0.873907 0.444737
-0.384329 0.922678 0.0309393
0.714422 -0.679389 0.167429
