-0.850651 -0.525731 0
0.969143 0.196051 0.149417
-0.945278 -0.229765 0.231641
-0.758515 -0.52773 0.382305
0.80571 0.45702 0.37678
0.621806 0.754919 0.208456
-0.579404 -0.797442 0.168454
0.316868 0.945748 0.0718017
0.313409 0.840916 0.441176
0.520528 0.575431 0.630816
-0.0165274 0.958586 0.284322
-0.0304597 0.777201 0.628515
0.186058 0.529014 0.827965
-0.35532 0.826411 0.436799
-0.340248 0.578529 0.741307
-0.1228 0.332342 0.93513
0.462466 0.265438 0.845972
0.761234 0.169628 0.625899
0.162362 0.0666612 0.984477
0.568162 -0.100201 0.816793
0.911483 -0.102062 0.398474
0.71454 -0.382627 0.585687
0.261232 -0.310659 0.91392
0.986062 -0.165541 0.0166668
0.856126 -0.458458 0.238463
-0.856789 0.495845 0.141601
-0.649517 0.58633 0.484092
-0.915124 0.181249 0.360134
-0.60467 0.78231 0.149549
-0.606979 0.299138 0.73627
-0.812169 -0.119078 0.57114
-0.387309 0.0495089 0.92062
-0.112485 -0.215449 0.970015
-0.545109 -0.280319 0.790112
0.606825 -0.758652 0.237086
-0.283526 0.958909 0.0103365
0.408174 -0.593575 0.693587
0.286761 -0.852157 0.437717
-0.0499845 -0.977835 0.203321
0.0406575 -0.598369 0.800188
-0.149875 -0.82044 0.551738
-0.470917 -0.628313 0.619242
