-0.8524578 -0.52239903 -0.020373668
0.96852042 0.23504898 0.081976661
-0.92166844 -0.32776128 0.207605
-0.76404511 -0.58270891 0.27692133
-0.64048123 -0.76542958 0.062460877
0.69352544 0.68301432 0.22915915
0.85754058 0.41231307 0.30760724
0.92395181 0.098871349 0.36950983
-0.98487499 -0.028928335 0.17083442
0.99026924 -0.069386395 0.1206332
-0.53198906 -0.7708968 0.35029384
-0.95607994 0.27140575 0.11068001
0.91471113 -0.36153257 0.18054848
0.87704358 -0.1973676 0.43799612
-0.82452415 0.54775557 0.14185826
0.76704583 -0.4841756 0.42096875
0.76395512 -0.62784436 0.14894305
-0.6241096 0.77714331 0.080842359
-0.61111701 0.69584637 0.3772716
-0.78442456 0.44714544 0.42981284
-0.90368974 0.16572158 0.39481795
-0.80983478 -0.31645876 0.49398534
-0.62414316 -0.5553707 0.54955324
0.75102244 -0.025393129 0.65978822
0.67294463 -0.32291567 0.66548554
0.77209944 0.2697126 0.57542817
0.66555991 0.5495899 0.50495638
0.57051553 0.17956214 0.80141717
0.5232546 -0.12151284 0.84346859
0.47838614 0.46731793 0.74347878
0.30135522 0.28000469 0.91147267
0.25157951 -0.046356753 0.96672584
0.41644885 -0.4086288 0.81215324
0.14362679 -0.33236172 0.93215185
0.53994506 -0.59206366 0.59826412
0.54034935 -0.79340249 0.2802411
0.21960919 -0.63420574 0.7413197
0.33047461 -0.79724874 0.50515442
0.38493636 -0.92170501 0.04779008
0.18233285 -0.9430222 0.27832334
-0.39581766 0.88105442 0.25898176
0.0098548854 -0.85556836 0.51759606
-0.25190556 -0.89768481 0.36153227
-0.086335095 -0.66654156 0.74045163
-0.35124224 -0.72320996 0.59463958
-0.079578396 -0.98913027 0.12364711
-0.376737 -0.92291352 0.079371894
-0.12600092 0.98643473 0.10521549
0.44180927 0.84744543 0.29434813
0.19154698 0.96800091 0.16212341
-0.12487543 0.9069046 0.40240549
0.1764642 0.87314634 0.45439615
0.41205701 0.711767 0.56885567
0.19906153 0.61064251 0.76647911
-0.052355995 0.75103398 0.65818448
-0.35844636 0.76148621 0.54005091
-0.56210139 0.53217148 0.63311577
-0.70523554 0.25898964 0.65997516
-0.79511058 -0.030192394 0.60571248
-0.62872148 -0.25445548 0.73482088
-0.42220824 -0.47990896 0.76904331
-0.15190946 -0.41108521 0.89885065
-0.37719635 -0.20163861 0.90391636
-0.077758375 -0.12641636 0.98892495
-0.56673502 0.033628209 0.82321357
-0.29292006 0.090330838 0.95186038
0.02688648 0.1628769 0.98628001
-0.031142181 0.4500652 0.89245253
-0.4563667 0.32071845 0.82998139
-0.28654242 0.57012947 0.76996484
