-0.850651 -0.525731 0
0.987688 0.0822425 0.133071
-0.919694 -0.191259 0.342904
-0.669276 -0.587422 0.454978
-0.508616 -0.856398 0.0888432
0.601501 0.707107 0.371748
0.797844 0.291536 0.527686
-0.644334 -0.1979 0.738694
-0.307772 -0.553959 0.773567
-0.164016 -0.882055 0.441675
0.0667413 0.996917 0.0412484
0.151959 0.848387 0.507097
0.40881 0.494647 0.766941
-0.0697823 0.561522 0.824514
-0.397351 0.196412 0.896401
0.0822425 0.133071 0.987688
0.532883 0.0266209 0.84577
0.112747 -0.349383 0.930172
0.834306 -0.19509 0.515629
0.502309 -0.512884 0.696158
0.322525 -0.855337 0.405434
0.737264 -0.613767 0.282369
-0.929336 0.359903 0.0824854
-0.794224 0.235673 0.56006
-0.512703 0.62888 0.584504
-0.416025 0.90649 0.0721082
