-0.850651 -0.525731 0
0.963578 0.266908 0.0166551
0.877768 0.401461 0.261444
0.727449 0.648117 0.225306
-0.667502 -0.743496 0.0406771
-0.76008 -0.594834 0.26163
-0.906411 -0.342532 0.247167
0.517544 0.837403 0.175796
0.956652 0.122082 0.264412
0.999807 -0.010322 0.0167014
-0.962057 -0.0611555 0.265906
0.532394 0.727804 0.43227
0.715483 0.504275 0.483519
0.834056 0.243918 0.494829
-0.759957 -0.426662 0.490331
-0.840178 -0.156434 0.519258
-0.653955 -0.279357 0.703066
-0.702907 0 0.711282
-0.852775 0.127897 0.506377
-0.942922 0.22242 0.247845
0.954845 -0.295262 0.0330481
0.941221 -0.162389 0.296197
0.841775 -0.0494396 0.537559
0.697769 0.120696 0.706082
0.595414 0.384153 0.705627
0.422216 0.616293 0.664768
0.862668 -0.433889 0.259892
0.785317 -0.325477 0.526633
0.655371 -0.1643 0.737221
0.48638 0.032906 0.873128
0.379978 0.308409 0.872067
0.205323 0.526992 0.824695
0.835602 -0.549336 0
-0.826878 0.483462 0.287294
-0.741793 0.396286 0.541017
-0.594834 0.26163 0.76008
-0.490127 -0.114886 0.864047
-0.384373 0.147997 0.911238
0.275665 0.809663 0.518126
0.060644 0.729617 0.681162
0.264261 0.931544 0.249782
0.0164675 0.895196 0.445368
0 0.985074 0.17213
-0.334354 -0.942221 0.0206554
-0.494829 -0.834056 0.243918
-0.57994 -0.67127 0.461591
-0.492543 -0.529858 0.690399
-0.340573 -0.355117 0.870576
-0.227031 -0.116287 0.96692
0.216975 0.099775 0.971065
-0.0720317 0.11655 0.990569
-0.0309393 0.384329 0.922678
-0.325506 0.414707 0.849743
-0.208867 0.643996 0.735965
-0.526382 0.519296 0.673241
-0.248125 0.82069 0.514686
-0.63808 0.634846 0.435687
-0.669794 0.722763 0.170263
-0.457924 0.830318 0.317612
-0.281192 0.950468 0.132444
0.0617124 -0.133269 0.989157
0.330607 -0.198387 0.922682
0.493939 -0.392927 0.77565
-0.051542 -0.383988 0.921898
0.217478 -0.452074 0.865062
-0.227241 -0.596535 0.769745
-0.317977 -0.766753 0.557657
-0.231086 -0.914155 0.333047
-0.0667094 -0.991648 0.110385
0.0508214 -0.656004 0.753044
-0.0367932 -0.837951 0.544504
0.115583 -0.936494 0.331088
0.240593 -0.781883 0.575129
0.470917 -0.628313 0.619242
0.683971 -0.579301 0.443388
0.679433 -0.711295 0.180084
0.471276 -0.790536 0.391091
0.460882 -0.879344 0.119755
