0.843166 0.537557 0.0101677
0.963578 0.266908 0.0166551
-0.893346 -0.375914 0.246214
-0.738519 -0.626664 0.248759
0.656795 0.754 0.0101776
0.726941 0.635965 0.259046
0.883157 0.377973 0.277796
-0.745004 -0.46207 0.481104
-0.967277 -0.102196 0.232233
-0.851954 -0.19678 0.485234
0.999479 -0.0276203 0.0167009
0.958853 0.101813 0.26502
0.508697 0.823089 0.252492
0.569708 0.655067 0.496307
0.741216 0.424476 0.520019
0.840178 0.156434 0.519258
-0.522349 -0.817187 0.243634
-0.400968 -0.916092 0
-0.541538 -0.676056 0.499685
-0.313409 -0.840916 0.441176
-0.182033 -0.962953 0.198962
-0.0329369 -0.89724 0.440314
-0.147705 -0.735916 0.660765
-0.382627 -0.585687 0.71454
-0.6031 -0.368108 0.707649
-0.699337 -0.100655 0.707669
-0.472637 -0.163706 0.865919
-0.281401 -0.371304 0.884843
-0.0494396 -0.537559 0.841775
0.160986 -0.759232 0.630595
-0.839466 0.0886599 0.53613
-0.941319 0.189803 0.279094
-0.649782 0.180837 0.738296
-0.396515 0.115384 0.910748
-0.216975 -0.099775 0.971065
0.0103365 -0.283526 0.958909
0.234661 -0.535856 0.811044
-0.801473 0.381266 0.460735
-0.936608 0.349991 0.0165139
-0.812317 0.54443 0.209133
0.950644 -0.187448 0.247265
0.852775 -0.127897 0.506377
0.795155 -0.60006 0.087495
0.838746 -0.433893 0.329003
-0.45702 0.37678 0.80571
-0.598496 0.534169 0.597048
-0.602856 0.71438 0.355282
-0.609083 0.789917 0.0710561
0.640787 -0.686277 0.344116
0.379438 -0.83748 0.393261
0.413972 -0.90344 0.111464
0.149467 -0.961495 0.230622
0.442176 -0.648565 0.619551
0.677939 -0.472104 0.563486
0.493939 -0.392927 0.77565
0.67018 -0.157592 0.725274
0.291508 -0.247982 0.923866
0.651153 0.137784 0.746334
0.460791 -0.0164666 0.887356
0.158898 0.0333282 0.986732
-0.119915 0.166015 0.978805
0.545902 0.402302 0.734945
0.351867 0.263143 0.898301
0.0822735 0.366809 0.926651
-0.18903 0.439485 0.878135
0.291536 0.527686 0.797844
0.0203064 0.622163 0.782624
0.3158 0.735032 0.599999
-0.336874 0.6291 0.700535
0.246737 0.900031 0.359256
0.0406404 0.819207 0.572056
0.133178 0.986073 0.0996199
-0.0495495 0.945267 0.322513
-0.254002 0.82947 0.497456
-0.386187 0.891007 0.238677
-0.166851 0.984044 0.0617953
