0.845478 0.524065 0.102577
0.976427 0.0820588 0.199641
-0.985394 0.124039 0.116672
-0.295021 -0.930534 0.216955
0.605051 0.679309 0.415275
-0.945745 -0.26878 0.182547
0.832688 0.351056 0.428241
0.583727 -0.030491 0.811377
0.275921 0.165941 0.946748
0.27165 -0.215481 0.937963
0.842771 -0.010177 0.538175
0.594391 0.358337 0.719927
0.545902 -0.402302 0.734945
0.262631 0.519735 0.812958
-0.157492 0.780423 0.605092
0.586703 0.809227 0.0305179
-0.0515946 0.350737 0.935052
0.247265 0.950644 0.187448
-0.325987 0.910785 0.253384
0.236109 0.80216 0.548445
-0.558356 0.66982 0.489468
-0.372605 0.502726 0.780021
-0.626086 -0.0911447 0.774409
-0.0552311 -0.0333925 0.997915
-0.877154 0.0103355 0.480097
-0.368238 0.147941 0.917886
-0.102062 -0.398474 0.911483
-0.838746 0.433893 0.329003
-0.684795 0.291618 0.667844
-0.767272 -0.351976 0.536103
-0.462267 -0.453597 0.761945
0.387695 -0.767231 0.51093
0.207332 -0.575376 0.791174
0.0500751 -0.997579 0.0482476
-0.749435 -0.610926 0.25518
-0.140687 -0.704207 0.695916
0.41261 -0.901416 0.131156
0.0329356 -0.90473 0.42471
0.679996 -0.676853 0.281913
-0.471201 -0.72898 0.496546
0.812154 -0.371316 0.450033
-0.674709 0.729676 0.111089
0.892927 -0.445365 0.0658169
