-0.850651 -0.525731 0
0.96692 0.227031 0.116287
0.828923 0.444267 0.339873
-0.931106 -0.281637 0.23178
-0.755338 -0.567143 0.32835
-0.619406 -0.778569 0.100826
0.656735 0.717059 0.233506
0.895036 0.120834 0.429312
0.707408 0.320203 0.630114
0.552922 0.627561 0.548129
0.723674 -0.0203518 0.689842
0.489967 0.157864 0.857328
0.372904 0.475231 0.79693
0.466522 -0.179887 0.866024
0.19957 0.0166645 0.979742
0.0821198 0.33352 0.93916
0.231881 0.738819 0.632754
0.36982 0.860845 0.349541
-0.0507842 0.609853 0.790885
0.334354 0.942221 0.0206554
0.03298 0.912025 0.408806
-0.246832 0.791897 0.558545
0 0.997607 0.0691416
-0.295192 0.926243 0.234383
-0.370811 -0.873405 0.315694
-0.0331819 -0.960034 0.277908
0.281857 -0.952875 0.112183
-0.513722 -0.664266 0.542992
-0.180328 -0.791892 0.583429
0.156089 -0.830267 0.535063
0.280547 -0.593773 0.75414
0.162122 -0.329196 0.93024
-0.0603185 -0.573961 0.816658
0.579301 -0.443388 0.683971
0.483519 -0.715483 0.504275
0.825267 -0.281821 0.489399
0.967599 -0.132743 0.214782
-0.992671 0.0309041 0.116833
0.743791 -0.576387 0.338457
0.594986 -0.794753 0.119827
0.90059 -0.429646 0.06589
-0.596535 0.769745 0.227241
-0.819701 0.507872 0.264871
-0.569764 0.621306 0.53791
-0.382683 0.485712 0.785899
-0.237036 0.215352 0.947332
-0.124039 -0.116672 0.985394
-0.381266 -0.460735 0.801473
-0.453679 -0.131555 0.881402
-0.671807 -0.376819 0.637717
-0.550529 0.192895 0.812225
-0.760406 0.341435 0.552454
-0.753692 -0.0305195 0.656519
