-0.850651 -0.525731 0
0.976427 0.0820588 0.199641
-0.9397 -0.132802 0.315162
-0.683945 -0.545258 0.484678
-0.490456 -0.860438 0.138204
0.565047 0.747508 0.349218
0.74805 0.323518 0.579446
-0.94197 0.320716 0.0991659
0.787154 -0.178553 0.590346
0.74673 -0.590793 0.305545
-0.658103 0.731122 0.179895
-0.754341 0.332527 0.566035
-0.631317 -0.1178 0.766526
0.132969 0.970095 0.203063
0.282412 -0.954882 0.0918891
-0.270692 0.82831 0.490539
0.177782 0.702869 0.688745
-0.334538 0.45736 0.823958
-0.0823427 -0.894306 0.439815
0.361592 -0.697037 0.619186
-0.264668 -0.56802 0.779297
-0.189145 0 0.981949
0.171719 -0.344732 0.922861
0.439815 0.0823427 0.894306
