0.843166 0.537557 0.0101677
0.94744 0.282971 0.14928
0.787296 0.530962 0.313441
0.637962 0.753248 0.160069
-0.671512 -0.725504 0.150715
-0.806698 -0.50387 0.308793
-0.95163 -0.258519 0.166038
-0.432703 -0.900591 0.0412736
0.857113 0.255718 0.447174
0.999807 0.010322 0.0167014
0.947785 -0.0309918 0.317401
0.953113 -0.279445 0.116133
-0.959114 0.216491 0.182295
-0.929648 -0.0206686 0.367868
-0.818713 -0.27144 0.505993
-0.862905 0.495667 0.0985379
-0.827488 0.403514 0.390436
-0.797442 0.168454 0.579404
-0.678867 -0.10092 0.727293
-0.583429 0.180328 0.791892
-0.634846 0.435687 0.63808
-0.691288 0.662262 0.289015
-0.646578 -0.513375 0.564254
-0.507437 -0.754221 0.416724
-0.499121 -0.351329 0.792115
-0.413796 -0.065943 0.907978
-0.386056 -0.624652 0.678801
-0.226551 -0.31054 0.923168
-0.119078 -0.57114 0.812169
-0.147414 -0.79017 0.594895
-0.264083 -0.916244 0.301259
0.0330226 -0.925705 0.376803
0.130852 -0.71506 0.686707
0.308665 -0.833209 0.458791
-0.083388 -0.994137 0.0688389
0.214782 -0.967599 0.132743
0.668055 -0.744112 0
0.55444 -0.779768 0.290787
0.802559 -0.560975 0.20299
0.853688 -0.333589 0.399919
0.659705 -0.569496 0.490371
0.415275 -0.605051 0.679309
-0.415177 0.905103 0.0917393
0.131156 -0.41261 0.901416
-0.116645 0.980422 0.158641
0.23113 0.953223 0.194795
0.473026 0.765372 0.436409
-0.435338 0.816363 0.379516
-0.131555 0.881402 0.453679
0.174091 0.857607 0.483945
-0.406396 0.657562 0.634393
-0.387604 0.420551 0.820305
-0.11084 0.69633 0.709111
-0.233959 0.182491 0.954966
-0.0908733 0.446838 0.889988
-0.0412484 -0.0667413 0.996917
0.199331 0.656006 0.727958
0.630816 0.520528 0.575431
0.0921453 0.215979 0.97204
0.25519 -0.132768 0.957732
0.444267 -0.339873 0.828923
0.692528 -0.301233 0.655487
0.80067 -0.0203507 0.59876
0.578369 -0.0672695 0.812997
0.384373 0.147997 0.911238
0.657367 0.235617 0.715788
0.425407 0.437676 0.792129
