0.547978 0.830634 0.0988323
0.902537 0.262757 0.341154
0.682311 -0.0203334 0.730779
0.351976 0.536103 0.767272
0 0.928448 0.371461
-0.557721 0.601479 0.571988
-0.606286 -0.0304591 0.794663
0.0172983 0 0.99985
-0.296005 -0.70231 0.647412
-0.385521 -0.863692 0.324668
0.353435 -0.627882 0.693432
0.63808 -0.634846 0.435687
0.281857 -0.952875 0.112183
-0.962219 0.237692 0.132802
-0.848293 -0.423388 0.318029
-0.325939 0.915445 0.23606
0.586364 0.614787 0.527461
0.215979 0.97204 0.0921453
0.353281 0.850133 0.39047
0.344498 -0.836323 0.42648
-0.602514 -0.60807 0.516941
0.476053 0.232793 0.848045
0.132802 0.315162 0.9397
0.34946 -0.0660551 0.93462
-0.0988323 0.547978 0.830634
-0.39047 0.353281 0.850133
-0.676853 0.281913 0.679996
-0.311753 0.0330497 0.949588
0.111177 0.754848 0.646409
-0.251154 0.771104 0.585081
0.14249 -0.330834 0.932869
0.489283 -0.340828 0.802769
-0.218659 -0.325787 0.91981
0.010177 -0.610624 0.791855
0.0101677 -0.843166 0.537557
-0.0499757 -0.974156 0.220276
-0.53509 -0.366677 0.76107
0.771546 0.591475 0.234254
0.993091 0.0103221 0.116889
0.892376 -0.0515918 0.448335
0.898301 -0.351867 0.263143
0.607292 -0.78678 0.110339
-0.835429 0.549222 0.0203324
0.721243 0.312769 0.618049
0.741307 -0.340248 0.578528
-0.680089 -0.706105 0.197216
-0.970015 -0.112485 0.215449
0.930411 0.366145 0.0165131
-0.879344 0.119755 0.460882
-0.808508 0.464542 0.361269
-0.632107 0.738253 0.235423
-0.801504 -0.197274 0.564513
