-0.850651 -0.525731 0
0.947332 0.237036 0.215352
-0.964409 -0.206081 0.165671
0.76107 0.53509 0.366677
0.606101 0.784696 0.129974
-0.644573 -0.724896 0.243005
-0.795871 -0.43352 0.422669
0.463653 0.750207 0.471397
0.263957 0.940255 0.215054
-0.329196 -0.93024 0.162123
-0.377449 -0.778488 0.501486
-0.52866 -0.490264 0.692936
0.106494 0.82711 0.551859
-0.116133 0.953113 0.279445
0.0333805 -0.995397 0.0898328
-0.0164675 -0.895196 0.445368
-0.179094 -0.613657 0.768993
0.194886 -0.703465 0.683488
0.353955 -0.857229 0.373997
-0.3845 0.923067 0.0103365
-0.267971 0.770411 0.578496
-0.540377 0.779559 0.316672
0.688679 -0.722524 0.0606641
0.653191 -0.627101 0.424365
0.881675 -0.429071 0.196334
0.993715 -0.100128 0.0500546
-0.857607 0.483945 0.174091
-0.932869 0.14249 0.330834
-0.796672 -0.100171 0.596053
-0.696158 0.502309 0.512884
-0.628968 0.204473 0.75006
-0.512916 -0.135473 0.847682
-0.372904 0.475231 0.79693
-0.010177 0.586941 0.809565
-0.272604 0.13269 0.952933
-0.172245 -0.278699 0.944806
0.370329 0.532386 0.761197
0.101813 0.26502 0.958853
0.165681 -0.0999958 0.981097
0.350433 -0.399327 0.847192
0.447744 0.147807 0.881861
0.706631 0.29391 0.643654
0.630595 -0.160986 0.759232
0.867921 -0.0403044 0.495064
