0.878415 0.470773 0.0822206
0.705236 0.267381 0.65662
0.530962 -0.313441 0.787296
0.602514 0.60807 0.516941
-0.123065 0.828416 0.546427
-0.492556 0.59678 0.633437
-0.496441 0.0493419 0.866667
0.0482476 0.0500751 0.997579
-0.6291 -0.700535 0.336874
-0.215481 -0.937963 0.27165
0.296005 -0.70231 0.647412
0.57994 -0.67127 0.461591
0.448875 -0.893535 0.0103356
0.985074 -0.17213 0
-0.809017 -0.309017 0.5
-0.76112 0.495547 0.418485
0.43277 0.867059 0.246816
-0.420551 0.820305 0.387604
0.116623 -0.987429 0.106693
0.324435 -0.876383 0.355942
-0.493826 -0.865912 0.0795738
0.462267 0.453597 0.761945
0.330607 0.198387 0.922682
0.30716 -0.132406 0.942402
0.157436 0.543992 0.824188
-0.0821198 0.33352 0.93916
-0.39047 0.353281 0.850133
-0.233871 -0.0997436 0.967138
0.3158 0.735032 0.599999
-0.169109 0.602993 0.779616
-0.0721097 -0.383478 0.920731
0.236644 -0.449711 0.861255
-0.38537 -0.394691 0.834092
-0.121193 -0.662842 0.738886
-0.356472 -0.772385 0.52569
0.0164526 -0.862223 0.506262
-0.591649 -0.523538 0.613073
0.879273 0.298573 0.371124
0.958909 -0.0103365 0.283526
0.817523 -0.0406752 0.574458
0.893346 -0.375914 0.246214
0.704207 -0.695916 0.140687
-0.868512 0.491282 0.0658021
0.583964 0.0101677 0.811716
0.748288 -0.378147 0.545041
-0.848045 -0.476053 0.232793
-0.948702 -0.102238 0.299185
0.986062 0.165541 0.0166668
-0.818031 0.0203418 0.574815
-0.91981 0.218659 0.325787
-0.667819 0.719735 0.189736
-0.644334 -0.1979 0.738694
-0.67032 0.298776 0.679268
0.147997 0.911238 0.384373
0.166851 0.984044 0.0617953
-0.149467 0.961495 0.230622
0.692391 0.686639 0.221635
