-0.791151 0.589252 0.163896
-0.915088 -0.39782 0.0659757
0.98262 0.0821974 0.166437
-0.700676 -0.713407 0.0101776
0.816906 0.493756 0.298111
-0.777195 -0.460913 0.428402
0.849175 0.0588708 0.524819
0.496441 0.0493419 0.866667
0.112669 0.182302 0.976766
0.400964 -0.364256 0.840563
0.720456 -0.286472 0.631567
0.671807 0.376819 0.637717
0.911593 -0.286117 0.295186
0.342848 0.442867 0.828447
-0.118945 0.846717 0.518577
0.513415 0.797321 0.317308
-0.0508195 0.586189 0.808579
0.214782 0.967599 0.132743
0.525731 -0.850651 0
0.25518 0.749435 0.610926
-0.485712 0.785899 0.382683
-0.475195 0.535005 0.698541
-0.615107 0.167523 0.770441
0.0616677 -0.200046 0.977844
-0.920731 -0.0721097 0.383478
-0.259422 0.27982 0.924338
-0.348074 -0.115316 0.930348
-0.971065 0.216975 0.099775
-0.830318 0.317612 0.457924
-0.663207 -0.218637 0.715789
-0.187894 -0.470817 0.86199
-0.170242 -0.801649 0.573042
0.529926 -0.623409 0.574926
-0.182338 0.972137 0.147318
-0.458345 -0.836407 0.300572
0.160388 -0.659941 0.733998
0.738819 -0.632754 0.231881
-0.0666063 -0.970792 0.230492
0.308981 -0.878907 0.36339
-0.485894 -0.585972 0.648494
