-0.850651 -0.525731 0
0.954052 0.142301 0.263694
-0.970015 -0.112485 0.215449
-0.757935 -0.45399 0.46843
0.720542 0.513494 0.465987
0.517544 0.837403 0.175796
-0.486392 -0.820401 0.300607
-0.371748 -0.601501 0.707107
-0.0493738 -0.875153 0.481321
-0.10021 -0.994752 0.0206402
0.131555 0.881402 0.453679
0.332527 0.566035 0.754341
0.59939 0.173961 0.781325
0.801504 -0.197274 0.564513
0.94762 -0.303549 0.0993701
0.697037 -0.619186 0.361592
0.340897 -0.916188 0.210686
0.334692 -0.653497 0.678913
0.366576 -0.230237 0.901451
-0.112183 -0.281857 0.952875
0.129999 0.182332 0.974605
-0.556589 -0.176527 0.811817
-0.310605 0.908851 0.278415
-0.716795 0.688421 0.110825
-0.863692 0.324668 0.385521
-0.56477 0.301428 0.768229
-0.231324 0.680729 0.695052
