-0.850651 -0.525731 0
0.981483 0.179596 0.0666044
0.850133 0.39047 0.353281
0.65662 0.705236 0.267381
-0.911593 -0.286117 0.295186
-0.709459 -0.610604 0.351896
-0.548905 -0.832121 0.0792333
0.915898 0.0206028 0.400883
0.598496 0.534169 0.597048
0.711295 0.180084 0.679433
0.405434 0.322525 0.855337
0.481321 -0.0493738 0.875153
0.735965 -0.208867 0.643996
0.451273 -0.418038 0.788414
0.159994 -0.230861 0.959742
0.0924216 0.149541 0.984427
0.259957 0.644544 0.719017
0.322525 0.855337 0.405434
-0.0506228 0.479478 0.876093
-0.0507777 0.810728 0.583217
0.216788 0.974867 0.0513472
-0.116279 0.962632 0.24458
-0.362647 0.614785 0.700376
-0.435338 0.816363 0.379516
-0.296273 0.198871 0.93417
-0.216491 -0.182295 0.959114
-0.551042 -0.0634368 0.832063
-0.714523 -0.329502 0.617158
-0.599999 0.3158 0.735032
-0.817523 0.0406752 0.574458
-0.969094 0.0818269 0.232727
-0.809846 0.397634 0.43132
0.96692 -0.227031 0.116287
-0.833992 0.545959 0.079911
0.808508 -0.464542 0.361269
-0.574815 0.818031 0.0203418
0.548854 -0.754493 0.359861
0.24837 -0.96215 0.112161
-0.391091 -0.471276 0.790536
-0.0203506 -0.550447 0.834622
0.269251 -0.715118 0.645066
0.0164712 -0.910074 0.414118
-0.301428 -0.768229 0.56477
