-0.850651 -0.525731 0
0.978283 0.189841 0.0832067
-0.914058 -0.293733 0.279677
-0.698692 -0.626546 0.345356
-0.59876 -0.80067 0.0203507
0.678317 0.663567 0.31554
0.853688 0.333589 0.399919
-0.973659 0.0717554 0.216425
0.972437 -0.1789 0.149539
0.876776 -0.0309894 0.479899
-0.896243 0.428312 0.115314
0.82069 -0.514686 0.248125
0.734323 -0.356867 0.577422
0.639293 -0.0406258 0.767889
0.626546 0.345356 0.698692
0.448494 0.6588 0.604016
0.355958 0.882791 0.306551
0.361428 0.164675 0.917743
0.205591 0.499475 0.84158
0.087495 0.795155 0.60006
0.323426 -0.214921 0.921523
0.43227 -0.532394 0.727804
0.561193 -0.707553 0.429454
0.668055 -0.744112 0
-0.686546 0.634491 0.35507
-0.820401 0.300607 0.486392
-0.824514 -0.0697823 0.561522
-0.649448 -0.399769 0.64684
-0.296929 0.788833 0.538123
-0.0166551 0.963578 0.266908
-0.377214 0.910172 0.171163
0.340897 -0.916188 0.210686
-0.217011 -0.975678 0.0309524
-0.399919 -0.853688 0.333589
-0.0165139 -0.936608 0.349991
0.144407 -0.758008 0.636058
-0.225306 -0.727449 0.648117
0.0506228 -0.479478 0.876093
-0.325506 -0.414707 0.849743
-0.557161 -0.0900663 0.825506
-0.0924216 -0.149541 0.984427
-0.0103229 0.217097 0.976095
-0.17697 0.542239 0.821376
-0.383186 0.229687 0.894658
-0.535921 0.502118 0.678725
