-0.850651 -0.525731 0
0.963578 0.266908 0.0166551
0.870358 0.417742 0.26071
-0.886393 -0.392403 0.245615
-0.965067 -0.122476 0.231615
0.715559 0.668819 0.201635
0.702795 0.546841 0.455021
-0.676144 -0.731129 0.0909896
-0.721652 -0.601826 0.342087
-0.786094 -0.354311 0.506478
-0.865912 -0.0795738 0.493826
-0.69378 -0.160622 0.702046
-0.579458 -0.415873 0.700912
-0.524996 -0.648999 0.550617
-0.5 -0.809017 0.309017
0.507597 0.85475 0.108385
0.515685 0.767577 0.380651
-0.332342 -0.93513 0.1228
-0.244931 -0.879153 0.408776
-0.269251 -0.715118 0.645066
-0.31762 -0.485931 0.814241
-0.447345 -0.22809 0.864787
-0.544504 0.0367932 0.837951
-0.747464 0.13086 0.651286
-0.893198 0.189919 0.407588
-0.979426 0.151549 0.133256
0.993091 -0.0103221 0.116889
0.925663 0.1521 0.346431
0.779768 0.290787 0.55444
0.295186 0.911593 0.286117
0.11655 0.990569 0.0720317
-0.0666257 -0.974649 0.213589
-0.0101677 -0.827781 0.560959
-0.0304831 -0.633653 0.773017
0.164675 -0.917743 0.361428
0.150274 -0.988161 0.030905
0.26163 -0.76008 0.594834
0.0165232 0.942539 0.333688
0.19899 0.821822 0.533864
0.424365 0.653191 0.627101
0.563344 0.421773 0.710458
-0.248001 0.938599 0.239847
-0.083752 0.815019 0.573349
0.13086 0.651286 0.747464
0.308973 0.443956 0.841094
-0.345798 0.810963 0.471978
-0.169628 0.625899 0.761234
0.0206669 0.432953 0.90118
-0.256053 0.386306 0.886118
-0.513832 0.319378 0.796225
-0.436792 0.573068 0.693402
-0.693587 0.408174 0.593575
-0.296787 0.115989 0.947873
-0.591084 0.656592 0.468515
-0.810963 0.471978 0.345798
-0.196051 -0.149417 0.969143
-0.0206418 0.167078 0.985728
-0.0309393 -0.384329 0.922678
0.0790967 -0.0999844 0.99184
0.258519 0.166038 0.95163
0.518195 0.16227 0.839728
0.354043 -0.0989206 0.929983
0.224501 -0.524773 0.821105
0.723246 0.0405162 0.689401
0.583429 -0.180328 0.791892
0.496734 -0.443691 0.745918
-0.522349 0.817187 0.243634
-0.735916 0.660765 0.147705
-0.901881 0.424051 0.0824101
0.941542 -0.293271 0.165805
0.881211 -0.100192 0.461983
0.741534 -0.314413 0.592683
0.821156 -0.54592 0.166353
0.719737 -0.547005 0.427509
0.503033 -0.747106 0.4345
0.641952 -0.760032 0.101232
0.405605 -0.889749 0.20936
