-0.827781 -0.560959 0.0101677
0.972437 0.1789 0.149539
-0.942922 -0.22242 0.247845
-0.731953 -0.538265 0.417751
0.80268 0.449321 0.392194
-0.543992 -0.824188 0.157436
0.58113 0.772646 0.255549
0.510115 0.591696 0.624242
0.672319 0.2289 0.703983
0.876776 -0.0309894 0.479899
0.314437 0.340673 0.886043
0.450643 -0.04938 0.891338
0.663567 -0.31554 0.678317
0.96692 -0.227031 0.116287
0.783452 -0.516122 0.346153
-0.938191 0.181965 0.294425
-0.837086 0.535329 0.112743
0.607292 -0.78678 0.110339
0.465987 -0.720542 0.513494
0.31762 -0.485931 0.814241
0.0719409 -0.183281 0.980425
-0.0918667 0.248925 0.964156
-0.768993 -0.179094 0.613657
-0.327344 -0.0825026 0.941297
-0.478394 -0.42352 0.769266
-0.0886599 -0.53613 0.839466
-0.392349 -0.746865 0.536894
0.0773953 -0.804194 0.589307
0.248001 -0.938599 0.239847
-0.14928 -0.94744 0.282972
-0.615107 0.167523 0.770441
-0.726198 0.46013 0.510799
-0.372605 0.502726 0.780021
0.0304824 0.610367 0.791532
0.210922 0.840031 0.49986
0.24837 0.96215 0.112161
-0.182282 0.969371 0.164601
-0.225309 0.812164 0.538168
-0.55444 0.779768 0.290787
