-0.850651 -0.525731 0
0.974602 0.102416 0.199152
-0.943879 -0.142749 0.297852
-0.698007 -0.537883 0.472724
-0.504956 -0.850475 0.147348
0.578529 0.741307 0.340248
0.754341 0.332527 0.566035
-0.284746 -0.769446 0.571727
-0.0333216 -0.977141 0.209964
0.149385 0.952437 0.26561
0.24829 0.68071 0.689192
0.392403 0.245615 0.886393
0.677289 -0.120968 0.725704
0.20039 -0.771845 0.603406
0.281401 -0.371304 0.884843
0.639079 -0.56766 0.51898
0.911094 -0.378097 0.164167
0.441328 -0.881197 0.169474
-0.20936 -0.405605 0.889749
-0.0482476 0.0500751 0.997579
-0.620698 -0.150979 0.769376
-0.882837 0.339209 0.324864
-0.606679 0.74721 0.271326
-0.213023 0.792649 0.571252
-0.496492 0.325185 0.804829
