-0.84254346 -0.53862836 0.00010243538
0.98162668 0.18530811 0.045496819
-0.89339672 -0.31796435 0.3173972
-0.69003791 -0.64135018 0.33543648
-0.57292 -0.81941598 0.017891835
0.68106778 0.65550745 0.32627697
0.86517288 0.32495452 0.38194299
-0.96582907 0.052140845 0.25388097
0.97593859 -0.19295762 0.10154421
0.89316714 -0.050896388 0.44683557
-0.86714623 0.48254648 0.12331384
0.82274852 -0.50763977 0.25570831
0.71243161 -0.37120486 0.59552343
0.66120168 -0.025031785 0.74979047
0.63604898 0.35137747 0.68700478
0.42826558 0.66382924 0.61312262
0.37114936 0.87822105 0.30162218
0.37133516 0.16265069 0.91414165
0.18466717 0.49053204 0.85163158
0.062874524 0.77576797 0.62787805
0.21308835 -0.18249924 0.95983716
0.39720527 -0.47033136 0.78804593
0.55663676 -0.69258818 0.45877787
0.64982065 -0.75964871 0.025825581
-0.63157139 0.69177267 0.35009735
-0.81809184 0.33036931 0.47072483
-0.80359702 -0.031244101 0.59435323
-0.67665847 -0.39077657 0.62404086
-0.30930362 0.78820482 0.53203801
-0.003470299 0.95499122 0.29661378
-0.36392508 0.91478098 0.17531201
0.35453028 -0.90947423 0.21717482
-0.19889558 -0.97964987 0.02695774
-0.37653287 -0.86021533 0.34387872
-0.00166386 -0.9352452 0.35399668
0.2140996 -0.75841746 0.61560078
-0.16716868 -0.74715583 0.64328283
0.023869693 -0.50105418 0.86508667
-0.35288863 -0.45678586 0.8165882
-0.52550849 -0.11594161 0.84285134
-0.16848995 -0.16027221 0.97258622
-0.0042371826 0.18494547 0.98273965
-0.19011868 0.55441169 0.81023612
-0.37432891 0.23097789 0.89806853
-0.54295102 0.50433299 0.67145545
