-0.802819 -0.594837 0.0406245
-0.981949 -0.189145 0
-0.754077 -0.479589 0.448734
0.749511 0.544318 0.376764
0.503322 0.847809 0.166993
-0.503093 -0.814022 0.290285
0.892852 0.140501 0.427873
0.688421 -0.110825 0.716795
0.609041 0.32576 0.723153
0.254397 0.215468 0.942792
0.219588 -0.215174 0.951568
0.469969 -0.493588 0.731779
0.884843 -0.281401 0.371304
0.862223 -0.506262 0.0164526
-0.956736 0.177234 0.230749
0.659696 -0.642175 0.390401
0.574815 -0.818031 0.0203418
-0.686546 0.634491 0.35507
-0.824514 -0.0697823 0.561522
-0.510938 0 0.859618
-0.189803 0.279094 0.941319
-0.570944 0.406288 0.713409
-0.209104 -0.310323 0.927348
-0.404216 -0.620595 0.671917
0.0507842 0.609853 0.790885
0.415874 0.700912 0.579458
0.0658169 0.892927 0.445365
-0.322141 0.745339 0.583691
-0.166851 -0.984044 0.0617953
-0.214782 0.967599 0.132743
0.0608857 -0.621137 0.781333
0.294368 -0.894177 0.337334
-0.114919 -0.872471 0.474962
