-0.850651 -0.525731 0
0.947822 0.289929 0.13257
0.816906 0.493756 0.298111
0.681291 0.714184 0.160573
-0.67297 -0.727956 0.131116
-0.808303 -0.511084 0.292299
-0.946748 -0.275921 0.165941
0.876676 0.237806 0.418195
-0.605051 -0.679309 0.415275
-0.447174 -0.857113 0.255718
0.479899 0.876776 0.0309894
-0.999402 -0.0345915 0
0.958909 -0.0103365 0.283526
0.707553 0.429454 0.561193
0.60063 0.672013 0.433177
0.415139 0.855862 0.308479
0.733998 0.160388 0.659941
0.839466 -0.0886599 0.53613
0.646409 -0.111177 0.754848
0.512916 0.135473 0.847682
0.495547 0.418485 0.76112
0.390401 0.659696 0.642175
0.194743 0.840188 0.506121
0.149449 0.957124 0.248152
-0.217011 -0.975678 0.0309524
-0.165615 -0.936027 0.310525
-0.346153 -0.783452 0.516122
0.111089 0.674709 0.729676
0.227685 0.43523 0.871054
0.248152 0.149449 0.957124
0.380446 -0.115356 0.91758
-0.083752 0.815019 0.573349
-0.132406 0.942402 0.30716
-0.0667839 0.997554 0.0206286
0.116227 -0.958027 0.26206
-0.0469514 -0.829886 0.555954
0.237229 -0.830359 0.504209
-0.199331 -0.656006 0.727958
0.131116 -0.67297 0.727956
0.333589 -0.399919 0.853688
0.411079 -0.631698 0.657245
0.58753 -0.400082 0.703379
0.0515917 -0.448335 0.892376
0.102565 -0.165954 0.980785
-0.479043 -0.574937 0.663299
-0.256883 -0.415646 0.872496
-0.707553 -0.429454 0.561193
-0.530962 -0.313441 0.787296
-0.865062 -0.217478 0.452074
-0.718656 -0.120998 0.684758
-0.196051 -0.149417 0.969143
-0.466048 -0.0493877 0.88338
-0.0412254 0.100118 0.994121
-0.051542 0.383988 0.921898
-0.313491 0.198661 0.928578
-0.169109 0.602993 0.779616
-0.636058 0.144407 0.758008
-0.40755 0.441983 0.799096
-0.358337 0.719927 0.594391
-0.958909 0.0103365 0.283526
-0.837822 0.108201 0.535114
-0.657246 0.411078 0.631698
-0.414165 0.843349 0.342388
-0.606985 0.649612 0.457792
-0.840422 0.367153 0.39861
-0.952437 0.26561 0.149385
0.952437 -0.26561 0.149385
0.79693 -0.372904 0.475231
-0.830267 0.535063 0.156089
0.831073 -0.523138 0.188796
-0.63614 0.750382 0.179588
-0.350426 0.933818 0.0720075
0.628313 -0.619242 0.470917
0.652502 -0.74958 0.11123
