-0.850651 -0.525731 0
0.949081 0.24422 0.199001
-0.96046 -0.223593 0.165902
-0.800468 -0.481926 0.356369
-0.63614 -0.750382 0.179588
0.63614 0.750382 0.179588
0.77565 0.493939 0.392927
-0.536268 -0.667479 0.516613
-0.32529 -0.889024 0.322216
0.350737 0.935052 0.0515946
0.364256 0.840563 0.400964
0.510115 0.591696 0.624242
0.830912 0.166729 0.530835
0.578496 0.267971 0.770411
0.65912 -0.0809591 0.747667
0.366145 0.0165131 0.930411
0.254807 0.356275 0.898967
0.170263 0.669795 0.722763
0 0.876777 0.480896
0 0.990439 0.137952
0.0166574 -0.972239 0.233397
-0.0469514 -0.829886 0.555954
-0.254248 -0.606851 0.753054
-0.586764 -0.374471 0.717969
-0.830912 -0.166729 0.530835
-0.617549 -0.0202925 0.786271
-0.293733 -0.279677 0.914058
0.0206402 -0.10021 0.994752
-0.292953 0.082876 0.952528
-0.102062 0.398474 0.911483
-0.197216 0.680089 0.706105
-0.45702 0.37678 0.80571
0.0515917 -0.448335 0.892376
0.398011 -0.337953 0.852863
0.257874 -0.668765 0.697319
0.323266 -0.862631 0.38906
0.317401 -0.947785 0.0309918
-0.32529 0.889024 0.322216
-0.524996 0.648999 0.550617
-0.74721 0.271326 0.606679
-0.93513 0.1228 0.332342
0.996806 -0.0725429 0.0333915
0.912945 -0.151539 0.378902
0.664768 -0.422216 0.616293
0.639358 -0.679151 0.36052
0.874142 -0.451063 0.180052
-0.874142 0.451063 0.180052
0.689985 -0.723823 0
