-0.850651 -0.525731 0
0.997767 0 0.0667981
-0.878135 -0.18903 0.439485
-0.591084 -0.656592 0.468515
-0.433045 -0.901372 0
0.591084 0.656592 0.468515
0.80747 0.158301 0.568272
0.816363 -0.379516 0.435338
-0.85494 0.507198 0.108758
-0.721243 0.312769 0.618049
-0.507097 -0.151959 0.848387
-0.23606 0.325939 0.915445
0.315694 0.370811 0.873405
0.472637 -0.163706 0.865919
-0.0206028 -0.400883 0.915898
0.060844 0.784976 0.616532
-0.462826 0.776866 0.426933
-0.116719 0.99183 0.0514846
-0.0634367 -0.832063 0.551042
0.460735 -0.801473 0.381266
