-0.850651 -0.525731 0
0 0 1
0.525731 -0.850651 0
0.693297 -0.327512 0.641931
-0.0203335 0.76838 0.639671
-0.177504 -0.760228 0.624937
-0.776767 0.236482 0.583704
0.570186 0.380679 0.727991
0.15033 0.988582 0.0103229
0.954845 -0.295262 0.0330481
-0.538123 -0.296929 0.788833
0.354664 -0.742003 0.568898
-0.351056 0.428241 0.832688
0.456698 0.794935 0.399381
0.90649 0.0721082 0.416025
-0.589261 0.686417 0.426149
0.170416 -0.409416 0.896291
-0.589261 -0.686417 0.426149
-0.930172 -0.112747 0.349383
0.170416 0.409416 0.896291
0.737264 -0.613767 0.282369
-0.182625 0.950513 0.251343
0.471153 -0.0329221 0.881437
0.0827196 -0.947061 0.310213
-0.435127 0.0493864 0.899014
-0.510046 -0.858716 0.0496035
-0.847202 0.469431 0.248763
