-0.850651 -0.525731 0
0.673241 0.526382 0.519296
0.551859 0.106494 0.82711
0.198227 0.454262 0.868535
-0.0266209 0.84577 0.532883
-0.627561 0.548129 0.552922
-0.506262 0.0164526 0.862223
0.0725429 -0.0333915 0.996806
-0.584504 -0.512703 0.62888
-0.0406258 -0.767889 0.639293
0.610298 -0.488664 0.623493
0.814022 -0.290285 0.503093
-0.835429 0.549222 0.0203324
0.999807 -0.010322 0.0167014
-0.814022 -0.290285 0.503093
-0.797844 0.291536 0.527686
0.496714 0.8037 0.32763
-0.494647 0.766941 0.40881
-0.016699 -0.997924 0.0621965
0.527794 -0.72031 0.450096
-0.503033 -0.747106 0.4345
0.503322 0.403129 0.7643
-0.0203965 0.266349 0.963661
0.286156 0.182444 0.940654
-0.108973 0.559649 0.821534
-0.318232 0.263854 0.910554
-0.416724 0.507437 0.754221
-0.226892 -0.0333095 0.97335
0.150834 0.692575 0.7054
-0.282369 0.737264 0.613767
0.191613 -0.310037 0.931215
0.476226 -0.303801 0.825175
-0.14249 -0.330834 0.932869
0.0399848 -0.55014 0.834115
-0.288316 -0.606309 0.741123
0.331173 -0.591844 0.734877
-0.42648 -0.344498 0.836323
0.857555 0.412735 0.307
0.954052 0.142301 0.263694
0.859718 0.0103355 0.510664
0.947665 -0.152636 0.280417
0.863857 -0.440683 0.244027
0.957067 -0.289866 0
0.732517 0.252431 0.632217
0.686707 -0.130852 0.71506
-0.853703 -0.44469 0.271003
-0.950468 -0.132444 0.281192
-0.963578 -0.266908 0.0166551
-0.834795 0 0.550561
-0.944806 0.172245 0.278699
-0.825175 0.476226 0.303801
-0.659405 -0.191266 0.72705
-0.604412 0.272059 0.748779
0.244027 0.863857 0.440683
0.297852 0.943879 0.142749
0.0166574 0.972239 0.233397
0.715789 0.663207 0.218637
-0.266183 0.963059 0.0407845
-0.247167 0.906411 0.342532
-0.667819 0.719735 0.189736
0.0495584 -0.939526 0.338874
0.341154 -0.902537 0.262757
0.242164 -0.811593 0.53167
0.537559 -0.841775 0.0494396
0.703837 -0.678012 0.211927
-0.228249 -0.872652 0.431718
-0.313584 -0.93724 0.152465
0.550447 0.834622 0.0203506
-0.6921 -0.692192 0.204615
0.425325 0.688191 0.587785
