-0.850651 -0.525731 0
0.993413 0.0931376 0.0667474
-0.895123 -0.24678 0.371288
-0.64684 -0.649448 0.399769
0.52563 0.850487 0.0196337
0.657562 0.634393 0.406396
0.84158 0.205591 0.499475
0.51093 0.387695 0.767231
0.25518 0.749435 0.610926
0.116287 0.96692 0.227031
-0.247167 -0.906411 0.342532
0.166025 -0.976527 0.137228
-0.19899 0.821822 0.533864
0.0515917 0.448335 0.892376
-0.501498 0.844857 0.186322
-0.937527 0.207309 0.279403
-0.683945 0.545258 0.484678
0.827781 -0.560959 0.0101677
0.898967 -0.254807 0.356275
0.553297 -0.767112 0.324657
0.14359 -0.810272 0.568191
-0.403514 0.390436 0.827488
-0.731129 0.0909896 0.676144
-0.576387 -0.338457 0.743791
-0.177822 -0.566504 0.804645
-0.277908 -0.0331819 0.960034
0.182588 0.0166651 0.983048
0.605014 -0.0710037 0.793043
0.46013 -0.510799 0.726198
