-0.875153 -0.481321 0.0493738
0.747106 0.4345 0.503033
0.583964 -0.0101677 0.811716
0.283442 0.458618 0.842217
0.501498 0.844857 0.186322
0.0101677 0.843166 0.537557
-0.414273 0.536784 0.735011
0.0276203 -0.0167009 0.999479
-0.549336 0 0.835602
-0.915314 -0.0411968 0.400628
-0.254286 -0.478242 0.840609
0.300607 -0.486392 0.820401
-0.524316 -0.748173 0.406609
0.0164517 -0.853334 0.521105
-0.0167014 0.999807 0.010322
0.742189 -0.488621 0.458698
0.984044 -0.0617953 0.166851
-0.806698 0.50387 0.308793
0.54962 -0.833286 0.0596036
