-0.843166 -0.537557 0.0101677
0.862668 0.433889 0.259892
0.961174 0.271405 0.0498366
-0.909189 -0.357089 0.214154
0.702869 0.688745 0.177782
-0.641952 -0.760032 0.101232
-0.735032 -0.599999 0.3158
0.93441 0.172079 0.311875
0.702795 0.546841 0.455021
0.797844 0.291536 0.527686
-0.79693 -0.372904 0.475231
-0.978799 -0.0923301 0.182833
0.994964 0 0.100231
-0.888281 -0.110459 0.44582
-0.977491 0.175848 0.116573
-0.904839 0.161006 0.394136
-0.877768 0.401461 0.261444
0.910074 -0.414118 0.0164712
0.938599 -0.239847 0.248001
0.883919 -0.0609563 0.46365
0.733128 0.0506787 0.6782
0.606979 0.299138 0.73627
-0.776273 0.621117 0.10777
0.819701 -0.507872 0.264871
0.80878 -0.336177 0.482555
0.672319 -0.2289 0.703983
0.528052 -0.0430772 0.848119
0.682882 -0.716793 0.140998
0.397351 0.196412 0.896401
0.644433 -0.577116 0.501641
0.506478 -0.786094 0.354311
0.513494 -0.465987 0.720542
0.377973 -0.277796 0.883157
0.260463 -0.0333048 0.964909
0.393711 -0.693058 0.603872
0.253742 -0.533322 0.806959
0.102481 -0.333001 0.937341
0.50663 0.553005 0.661447
0.300572 0.458345 0.836407
0.13242 0.247706 0.959743
-0.0206286 -0.0667839 0.997554
0.528455 0.754827 0.38855
0.447676 0.891353 0.0712403
0.322141 0.745339 0.583691
0.294703 0.900244 0.320484
0.101117 0.664414 0.740492
0.08216 0.861505 0.501057
-0.0412992 0.464213 0.88476
-0.147318 0.182338 0.972137
-0.170933 0.748864 0.6403
-0.309017 0.5 0.809017
-0.408776 0.244931 0.879153
-0.328151 -0.0330414 0.944047
-0.189803 -0.279094 0.941319
-0.0399848 -0.55014 0.834115
0.111049 -0.736122 0.667676
0.244027 -0.863857 0.440683
0.346431 -0.925663 0.1521
-0.572302 0.813981 0.0995276
-0.66329 0.657181 0.357994
-0.448494 0.6588 0.604016
-0.439187 0.822564 0.361252
-0.164167 0.911094 0.378097
-0.315162 0.9397 0.132802
0.0499845 0.977835 0.203321
0.0833784 -0.995185 0.0515307
-0.747106 0.4345 0.503033
-0.563344 0.421773 0.710458
-0.750382 0.179588 0.63614
-0.583727 0.030491 0.811377
-0.722763 -0.170263 0.669795
-0.486919 -0.243045 0.838951
-0.336177 -0.482555 0.80878
-0.596025 -0.437001 0.673636
-0.215449 -0.970015 0.112485
0 -0.946468 0.322798
-0.1643 -0.737221 0.655371
-0.430765 -0.663547 0.611676
-0.26071 -0.870358 0.417742
-0.519525 -0.773811 0.362368
