-0.850651 -0.525731 0
0.964909 0.260463 0.0333048
0.881166 0.370738 0.293428
0.726941 0.635965 0.259046
-0.656795 -0.754 0.0101776
-0.748779 -0.604412 0.272059
-0.906411 -0.342532 0.247167
-0.766941 -0.40881 0.494647
-0.527686 -0.797844 0.291536
-0.569764 -0.621306 0.53791
-0.877161 -0.139464 0.459498
-0.981641 -0.0515332 0.183645
0.994752 -0.0206402 0.10021
0.926651 0.0822735 0.366809
0.712531 0.467745 0.522986
0.776626 0.18856 0.60108
-0.692192 -0.204615 0.6921
-0.504694 -0.428549 0.74942
-0.457226 -0.163886 0.87412
-0.627242 0.0710046 0.775581
-0.819548 0.128479 0.558421
-0.930534 0.216955 0.295021
-0.953523 0.300866 0.0165266
0.929031 -0.242142 0.279764
0.826677 -0.13784 0.545532
0.639671 -0.0203335 0.76838
0.551917 0.263619 0.791134
0.848838 -0.501176 0.168216
0.776866 -0.426933 0.462826
0.624983 -0.31922 0.712387
-0.828416 0.546427 0.123065
-0.79179 0.459164 0.402786
-0.664608 0.367467 0.650587
-0.44833 0.297763 0.842815
-0.282237 0.0663481 0.957048
-0.167325 -0.214706 0.962239
-0.23519 -0.480768 0.844718
-0.305819 -0.690418 0.655589
-0.26071 -0.870358 0.417742
-0.0101677 -0.811716 0.583964
0.0406575 -0.598369 0.800188
0.1228 -0.332342 0.93513
0.397351 -0.196412 0.896401
0.372904 -0.475231 0.79693
0.337778 0.0989293 0.936012
0.0725429 -0.0333915 0.996806
0.269251 -0.715118 0.645066
0.551333 -0.591142 0.588713
-0.030719 0.249925 0.967778
0.229434 0.371232 0.899748
0.414273 0.536784 0.735011
0.666008 -0.671342 0.325165
0.667502 -0.743496 0.0406771
0.416455 -0.813641 0.405653
0.148416 -0.924351 0.351493
0.429312 -0.895036 0.120834
-0.630114 0.707408 0.320203
0.512884 0.696158 0.502309
0.494829 0.834056 0.243918
-0.400628 -0.915314 0.0411968
-0.0997764 -0.9747 0.200013
0.15016 -0.98732 0.0514859
-0.424535 0.887388 0.179759
0.133178 0.986073 0.0996199
-0.149449 0.957124 0.248152
0.230237 0.901451 0.366576
0.238352 0.749885 0.617139
-0.0329071 0.864574 0.501427
-0.324314 0.83119 0.4516
-0.488664 0.623493 0.610298
0.0609476 0.597732 0.799376
-0.194886 0.703465 0.683488
-0.207156 0.468776 0.858683
