-0.850651 -0.525731 0
0.861222 0.426964 0.275679
0.966643 0.247326 0.0665669
-0.921523 -0.323426 0.214921
-0.769446 -0.571727 0.284746
-0.655109 -0.752193 0.0709865
0.703837 0.678012 0.211927
0.67468 0.561614 0.478954
0.797844 0.291536 0.527686
0.937341 0.102481 0.333001
-0.548854 -0.754493 0.359861
0.475762 0.870062 0.129005
-0.394136 -0.904839 0.161006
0.477439 0.772513 0.41866
-0.275679 -0.861222 0.426964
0.247775 0.918304 0.308749
0.167078 0.985728 0.0206418
-0.0499438 -0.965931 0.253935
0 -0.850651 0.525731
-0.2289 -0.703983 0.672319
-0.516941 -0.602514 0.60807
-0.735011 -0.414273 0.536784
-0.87463 -0.159117 0.457934
-0.985095 -0.0412273 0.167
0.99184 -0.0790967 0.0999844
0.0508214 -0.656004 0.753044
-0.344632 -0.468245 0.813619
-0.581356 -0.2952 0.75821
-0.723246 -0.0405162 0.689401
-0.0515406 -0.416536 0.907657
-0.3545 -0.181365 0.917298
-0.506298 0.0657576 0.859848
-0.901416 0.131156 0.41261
-0.957732 0.25519 0.132768
-0.732517 0.252431 0.632217
-0.81722 0.413644 0.40131
-0.499121 0.351329 0.792115
-0.614787 0.527461 0.586364
-0.233871 0.0997436 0.967138
-0.0411561 -0.13341 0.990206
-0.219381 0.388404 0.894994
-0.355282 0.602856 0.71438
-0.83822 0.529783 0.129291
0.917846 -0.374438 0.131739
-0.666008 0.671342 0.325165
0.907052 -0.190661 0.375374
0.809565 -0.010177 0.586941
-0.42352 0.769266 0.478394
-0.0333122 0.969275 0.243714
-0.141601 0.856789 0.495845
0.14359 0.810272 0.568191
-0.0708441 0.677308 0.73228
-0.325939 0.915445 0.23606
0.150274 -0.988161 0.030905
0.231086 -0.914155 0.333047
0.278456 -0.759269 0.588195
-0.573243 0.815477 0.0799385
0.744727 -0.656282 0.121144
0.499474 -0.84158 0.205591
0.794924 -0.466914 0.38741
0.584716 -0.678977 0.443957
0.727736 -0.295888 0.618749
0.482427 -0.546783 0.684319
0.236644 -0.449711 0.861255
0.500892 -0.281541 0.818438
0.258519 -0.166038 0.95163
0.595347 0 0.803469
0.5977 0.28885 0.747877
0.422216 0.616293 0.664768
0.17697 0.542239 0.821376
0.378097 0.164167 0.911094
0.0924216 0.149541 0.984427
