-0.850651 -0.525731 0
0.997767 0 0.0667981
-0.878135 -0.18903 0.439485
-0.591084 -0.656592 0.468515
-0.433045 -0.901372 0
0.591084 0.656592 0.468515
0.80747 0.158301 0.568272
0.816363 -0.379516 0.435338
-0.845478 0.524065 0.102577
-0.721243 0.312769 0.618049
-0.507097 -0.151959 0.848387
-0.228706 0.40347 0.885949
0.331471 0.340285 0.879962
0.488892 -0.200619 0.848962
-0.0206028 -0.400883 0.915898
0.0710037 0.793043 0.605014
-0.462826 0.776866 0.426933
-0.116833 0.992671 0.0309041
-0.0634367 -0.832063 0.551042
0.464593 -0.807702 0.363003
