-0.850651 -0.525731 0
0.957048 0.282237 0.0663481
-0.916552 -0.347466 0.197989
-0.770411 -0.578496 0.267971
-0.6782 -0.733128 0.0506787
0.727361 0.653878 0.208302
0.859517 0.419913 0.291383
-0.812154 -0.371316 0.450033
-0.56741 -0.76732 0.298773
-0.62888 -0.584504 0.512703
0.93724 0.152465 0.313584
-0.987688 -0.0822425 0.133071
0.992671 -0.0309041 0.116833
-0.911483 -0.102062 0.398474
-0.974261 0.193011 0.11646
-0.901911 0.180538 0.39238
0.942402 -0.30716 0.132406
0.920698 -0.142013 0.363521
-0.881402 0.453679 0.131555
-0.799398 0.441484 0.407498
0.818247 -0.56288 0.116781
0.833647 -0.418967 0.35986
-0.716795 0.688421 0.110825
-0.637717 0.671807 0.376819
0.677162 -0.656665 0.332029
0.583686 -0.804543 0.109641
-0.501498 0.844857 0.186322
-0.763944 -0.150073 0.627589
-0.766347 0.1305 0.629033
-0.611627 -0.377712 0.695159
-0.657134 0.38368 0.648818
-0.595224 -0.0203324 0.803303
-0.504209 0.237229 0.830359
-0.440683 -0.244027 0.863857
-0.349991 0.0165139 0.936608
-0.499488 0.607725 0.617399
-0.392194 0.80268 0.449321
-0.344632 0.468245 0.813619
-0.2458 0.703903 0.666411
-0.197584 0.263677 0.944158
-0.0784591 0.52411 0.848029
-0.372605 -0.502726 0.780021
-0.384153 -0.705627 0.595414
-0.323903 -0.869647 0.372561
-0.413972 -0.90344 0.111464
0.519258 0.840178 0.156434
-0.184536 -0.214578 0.959116
-0.0552311 0.0333925 0.997915
0.0718017 0.316868 0.945748
-0.109496 -0.476995 0.872059
-0.120696 -0.706082 0.697769
-0.0658268 -0.876914 0.476118
-0.132969 -0.970095 0.203063
0.13257 -0.947822 0.289929
0.400384 -0.859901 0.316644
0.19899 -0.821822 0.533864
0.3339 -0.940585 0.0617238
0.150462 -0.649842 0.745028
0.455021 -0.702795 0.546841
0.0667981 -0.997767 0
-0.247596 0.946933 0.204972
0.216425 0.973659 0.0717554
0.0165274 0.958586 0.284322
-0.0430772 0.848119 0.528052
0.278794 0.896373 0.344657
0.11084 0.69633 0.709111
0.507437 0.754221 0.416724
0.68887 0.554337 0.467086
0.38368 0.648818 0.657134
0.283442 0.458618 0.842217
0.55557 0.437129 0.70729
0.797844 0.291536 0.527686
0.818031 0.0203418 0.574815
0.649782 0.180837 0.738296
0.406737 0.212418 0.888506
0.233398 0.0166574 0.972239
0.102196 -0.232233 0.967277
0.528052 -0.0430772 0.848119
0.368518 -0.262661 0.891742
0.398787 -0.511644 0.761045
0.692192 -0.204615 0.6921
