-0.803303 -0.595224 0.0203324
0.809017 0.309017 0.5
0.578807 -0.153791 0.800831
0.611522 0.555073 0.563858
-0.0203324 0.803303 0.595224
-0.588713 0.551333 0.591142
-0.517925 -0.075979 0.852045
0.0515307 -0.0833784 0.995185
-0.351136 -0.652147 0.671869
0.23178 -0.931106 0.281637
0.231324 -0.680729 0.695052
0.438625 -0.765722 0.470402
0.812997 -0.578369 0.0672695
1 0 0
-0.612674 -0.626469 0.481837
-0.8037 0.32763 0.496714
0.456698 0.794935 0.399381
-0.467145 0.783852 0.409087
-0.0997129 -0.962733 0.2514
0.569818 -0.809978 0.138717
-0.611619 -0.765845 0.198505
0.454496 0.350624 0.818838
0.162389 0.296197 0.941221
0.344485 0.0330362 0.93821
0.0406752 0.574458 0.817523
-0.1521 0.346431 0.925663
-0.446977 0.366027 0.816233
-0.253935 0.0499438 0.965931
0.325165 0.666008 0.671342
-0.29391 0.643654 0.706631
0.171163 -0.377214 0.910172
0.462267 -0.453597 0.761945
-0.191613 -0.310037 0.931215
-0.0609476 -0.597732 0.799376
-0.364256 -0.840563 0.400964
-0.0469514 -0.829886 0.555954
-0.484295 -0.382505 0.78686
0.779298 0.555031 0.290921
0.948702 0.102238 0.299185
0.840786 -0.0690419 0.536948
0.89492 -0.305118 0.325609
0.707649 -0.6031 0.368108
0.95191 -0.306378 0
0.675435 0.140967 0.72382
0.720854 -0.364378 0.589575
-0.833209 -0.458791 0.308665
-0.951056 -0.16246 0.262866
0.949588 0.311753 0.0330497
-0.850487 -0.0196337 0.52563
-0.947665 0.152636 0.280417
-0.839625 0.493447 0.227026
-0.734877 -0.331173 0.591844
-0.67018 0.157592 0.725274
0.165129 0.924096 0.344643
-0.334354 -0.942221 0.0206554
0 0.997607 0.0691416
0.594986 0.794753 0.119827
-0.33414 0.941618 0.041302
-0.181787 0.92354 0.33768
-0.659941 0.733998 0.160388
