-0.850651 -0.525731 0
0.958014 0.268847 0.0996497
-0.928578 -0.313491 0.198661
-0.779298 -0.555031 0.290921
-0.665715 -0.741796 0.0810009
0.703837 0.678012 0.211927
0.838746 0.433893 0.329003
0.920698 0.142013 0.363521
-0.994121 -0.0412254 0.100118
0.978799 -0.0923301 0.182833
-0.553322 -0.728495 0.403894
-0.962525 0.258139 0.0831252
0.896401 -0.397351 0.196412
0.874711 -0.208476 0.437514
-0.842231 0.53459 0.0697208
0.754077 -0.479589 0.448734
0.727361 -0.653878 0.208302
-0.644291 0.762348 0.0609492
-0.712387 0.624983 0.31922
-0.822564 0.361252 0.439187
-0.926651 0.0822735 0.366809
-0.858683 -0.207156 0.468776
-0.685791 -0.454565 0.568385
0.791532 0.0304824 0.610367
0.697319 -0.257874 0.668765
0.734877 0.331173 0.591844
0.634097 0.593839 0.495253
0.573042 0.170242 0.801649
0.501613 -0.125099 0.855999
0.505657 0.453566 0.733886
0.293733 0.279677 0.914058
0.220276 -0.0499757 0.974156
0.468849 -0.413243 0.780648
0.190661 -0.375374 0.907052
0.51898 -0.639079 0.56766
0.485931 -0.814241 0.31762
0.261919 -0.619543 0.739977
0.248125 -0.82069 0.514686
0.400628 -0.915314 0.0411968
0.182625 -0.950513 0.251343
-0.472233 0.825481 0.309155
-0.0329283 -0.889481 0.455785
-0.309844 -0.891715 0.329911
-0.0201637 -0.711137 0.702764
-0.305545 -0.74673 0.590793
-0.100061 -0.986311 0.13107
-0.416536 -0.907657 0.0515406
-0.11655 0.990569 0.0720317
0.464066 0.851097 0.245512
0.19858 0.967371 0.157351
-0.181365 0.917299 0.3545
0.115223 0.88859 0.443996
0.382305 0.758515 0.52773
0.254248 0.606851 0.753054
-0.0203334 0.730779 0.682311
-0.311836 0.756908 0.574325
-0.568289 0.585014 0.578625
-0.640661 0.312557 0.701328
-0.773017 0.0304831 0.633653
-0.623154 -0.221448 0.750093
-0.442385 -0.515515 0.733853
-0.129005 -0.475762 0.870062
-0.351867 -0.263143 0.898301
-0.0412509 -0.200368 0.978852
-0.539623 0.053243 0.840222
-0.266908 0.0166551 0.963578
0 0.167113 0.985938
0.020654 0.464511 0.885327
-0.354076 0.293939 0.887823
-0.254739 0.557508 0.790122
