-0.850651 -0.525731 0
0.980422 0.158641 0.116645
-0.921654 -0.251736 0.295269
-0.693516 -0.563185 0.449287
-0.573243 -0.815477 0.0799385
0.641931 0.693297 0.327512
0.819222 0.326128 0.471716
-0.366027 -0.816233 0.446977
-0.719734 -0.189736 0.667819
-0.426662 -0.490331 0.759957
-0.0604584 -0.709981 0.701621
0.0165232 -0.942539 0.333688
0.200496 0.979477 0.0206298
0.276468 0.868813 0.410767
0.443957 0.584716 0.678977
0.334423 -0.765026 0.55036
-0.217011 0.975678 0.0309524
-0.131749 0.8968 0.422364
0.0305194 0.678783 0.733704
0.540315 -0.818253 0.196267
-0.505993 0.818713 0.27144
-0.378975 0.613195 0.693087
-0.794015 0.605777 0.0507458
-0.97335 0.226892 0.0333095
-0.720542 0.513494 0.465987
-0.892852 0.140501 0.427873
-0.623154 0.221448 0.750093
-0.386347 -0.0989312 0.917033
-0.234383 0.295192 0.926243
0.728738 -0.530463 0.433071
0.912945 -0.151539 0.378902
0.191259 0.342904 0.919694
0.567096 0.18665 0.802224
0.663207 -0.218637 0.715789
0.334538 -0.45736 0.823958
0.264825 -0.0664684 0.962003
-0.0618653 -0.367185 0.928088
