0.827781 0.560959 0.0101677
0.977835 0.203321 0.0499845
0.852863 0.398011 0.337953
0.642899 0.700075 0.310766
-0.908851 -0.278415 0.310605
-0.721652 -0.601826 0.342087
-0.560696 -0.823181 0.0893991
0.356133 0.908143 0.220102
0.380679 0.727991 0.570186
0.627168 0.453392 0.633322
0.821534 0.108973 0.559649
0.954882 -0.0918891 0.282412
-0.986902 0.138097 0.0833932
0.557393 0.133342 0.819471
0.283442 0.458618 0.842217
0.700689 -0.214284 0.680528
0.81722 -0.413644 0.40131
0.88338 -0.466048 0.0493877
0.406737 -0.212418 0.888506
0.216975 0.099775 0.971065
0.509556 -0.524678 0.681957
0.668854 -0.703263 0.240945
0.38741 -0.794924 0.466914
0.170013 -0.648138 0.742302
0.0720075 -0.350426 0.933818
-0.134691 -0.0500469 0.989623
-0.0821198 0.33352 0.93916
-0.0203427 0.667917 0.743958
0.0658169 0.892927 0.445365
-0.362368 0.519525 0.773811
-0.281541 0.818438 0.500892
-0.684758 0.718656 0.120998
-0.378902 0.912945 0.151539
0 0.994618 0.103609
0.230749 -0.956736 0.177234
0.0164564 -0.879228 0.476117
-0.214578 -0.959116 0.184536
-0.422669 -0.795871 0.43352
-0.197216 -0.680089 0.706105
-0.298573 -0.371124 0.879273
-0.560156 -0.507817 0.654483
-0.59678 0.633437 0.492556
-0.848293 0.423388 0.318029
-0.891353 0.0712403 0.447676
-0.722763 -0.170263 0.669795
-0.481321 0.0493738 0.875153
-0.67818 0.308447 0.667033
