-0.86094666 -0.50866784 -0.0052805848
0.95624312 0.22850244 0.18271764
0.80760648 0.47877939 0.3442996
0.66757049 0.72502247 0.16938788
-0.67058125 -0.72358916 0.16352222
-0.8183656 -0.47333908 0.32592617
-0.96163734 -0.22957444 0.15016391
-0.58476822 -0.65547819 0.47790635
-0.36604289 -0.86586269 0.34101967
-0.43110199 -0.9021517 0.016534236
-0.87602449 -0.14393344 0.46028716
-0.6925635 -0.373057 0.61740123
-0.68897182 -0.057184118 0.72252876
-0.82800445 0.17764893 0.53183596
-0.96611804 0.090484632 0.2417198
0.99189874 -0.089399011 0.090248041
0.85756702 0.1521005 0.49136977
0.83801002 -0.17938712 0.51532462
0.89665845 -0.36745676 0.24693957
-0.9208294 0.38062329 0.084847682
-0.7448149 0.49081461 0.45205286
-0.60633737 0.34246256 0.71768683
-0.44868269 0.10352821 0.88767435
-0.45561923 -0.29786638 0.83886038
-0.36267445 -0.5938956 0.71816102
-0.14289608 -0.8021707 0.57974381
-0.047553518 -0.95314549 0.2987513
-0.13295673 -0.4287036 0.89360826
-0.21110211 -0.11440522 0.97074577
0.085618596 -0.64234683 0.76161671
0.18968876 -0.8416155 0.50566938
0.11358697 0.99321114 0.025092342
0.25251779 -0.95516936 0.15455182
0.37400063 0.87399615 0.31024869
0.56925923 0.66607774 0.4819589
0.66970345 0.38726231 0.63366015
0.67806622 0.013101849 0.73488404
-0.23733621 0.95497502 0.17802877
0.049071501 0.93666337 0.34677617
0.2036559 0.77750114 0.59499265
0.39485096 0.54602659 0.73888273
0.46521667 0.24084143 0.8518033
0.18463666 0.11203598 0.97640014
-0.13364717 0.20937981 0.96865811
0.12477555 0.4291501 0.89457323
0.1072778 -0.21174044 0.97142033
0.41851576 -0.11265323 0.90119577
0.61530792 -0.31370646 0.72317662
0.32627411 -0.4272476 0.84321094
0.43925335 -0.64855908 0.62163303
0.70954693 -0.51847789 0.47720427
0.49071653 -0.80538247 0.33250017
0.73894574 -0.65117903 0.17298863
0.52983246 -0.84808959 0.004648954
-0.74190172 0.65115725 0.15992523
-0.31480626 0.45388139 0.83359985
-0.0667982 0.65923331 0.74896558
-0.22152673 0.83136966 0.50965714
-0.49654424 0.80533953 0.32383956
-0.48264372 0.63114359 0.60721727
