-0.747667 -0.65912 0.0809591
0.745004 0.46207 0.481104
0.560959 -0.0101677 0.827781
0.484092 0.649517 0.58633
-0.11509 0.880662 0.459553
-0.637717 0.671807 0.376819
-0.521105 -0.0164517 0.853334
0.0621965 0.016699 0.997924
-0.323518 -0.579446 0.74805
-0.310458 -0.903433 0.295675
0.306651 -0.580163 0.75457
0.490264 -0.692936 0.52866
0.619642 -0.74573 0.244806
0.998654 -0.0518743 0
-0.483519 -0.715483 0.504275
-0.766941 0.40881 0.494647
0.356275 0.898967 0.254807
-0.677308 0.73228 0.0708441
0.0166551 -0.963578 0.266908
0.324864 -0.882837 0.339209
-0.495064 -0.867921 0.0403044
0.493939 0.392927 0.77565
0.0618653 0.367185 0.928088
0.320632 0.182039 0.929547
-0.129974 0.606101 0.784696
-0.270627 0.325929 0.905832
-0.530463 0.433071 0.728738
-0.239828 0 0.970815
0.227241 0.596535 0.769745
-0.384153 0.705627 0.595414
0.152636 -0.280417 0.947665
0.441176 -0.313409 0.840916
-0.181691 -0.327428 0.927243
-0.010177 -0.586941 0.809565
-0.170242 -0.801649 0.573042
0.147414 -0.79017 0.594895
-0.496492 -0.325185 0.804829
0.849034 0.495105 0.184424
0.934512 0.199492 0.29477
0.867921 -0.0403044 0.495064
0.931544 -0.249782 0.264261
0.737478 -0.513679 0.438475
0.83822 -0.529783 0.129291
0.727958 0.199331 0.656006
0.712955 -0.276969 0.644192
-0.737712 -0.553372 0.38673
-0.900523 -0.287919 0.325822
-0.963578 -0.266908 0.0166551
-0.858716 -0.0496035 0.510045
-0.938191 0.181965 0.294425
-0.857628 0.477783 0.190258
-0.728226 -0.322009 0.604977
-0.714184 0.160573 0.681291
0.19899 0.821822 0.533864
-0.167113 -0.985938 0
-0.133271 0.981941 0.134278
0.631567 0.720456 0.286472
0.432703 -0.900591 0.0412736
-0.400944 0.871488 0.282403
