-0.850651 -0.525731 0
0.825267 0.281821 0.489399
0.525731 0 0.850651
0.281821 0.489399 0.825267
0 0.850651 0.525731
-0.335869 0.510043 0.791864
-0.525731 0 0.850651
0 0 1
-0.580582 -0.605133 0.544736
0 -0.850651 0.525731
0.254286 -0.478242 0.840609
0.791864 -0.335869 0.510043
0.850651 -0.525731 0
-0.999442 0 0.0334035
-0.773811 -0.362368 0.519525
-0.809017 0.309017 0.5
0.489399 0.825267 0.281821
-0.489399 0.825267 0.281821
0 -1 0
0.510043 -0.791864 0.335869
-0.5 -0.809017 0.309017
0.433889 0.259892 0.862668
0.142301 0.263694 0.954052
0.271405 -0.0498366 0.961174
0 0.525731 0.850651
-0.152636 0.280417 0.947665
-0.433889 0.259892 0.862668
-0.273266 0 0.961938
0.160622 0.702046 0.69378
-0.160622 0.702046 0.69378
0.0815011 -0.265518 0.960655
0.433889 -0.259892 0.862668
-0.207309 -0.279403 0.937527
-0.0596036 -0.54962 0.833286
-0.298776 -0.679268 0.67032
0.177782 -0.702869 0.688745
-0.43352 -0.422669 0.795871
0.862668 0.433889 0.259892
0.954052 0.142301 0.263694
0.850651 0 0.525731
0.947665 -0.152636 0.280417
0.862668 -0.433889 0.259892
0.961938 -0.273266 0
0.69378 0.160622 0.702046
0.69378 -0.160622 0.702046
-0.870358 -0.417742 0.26071
-0.943879 -0.142749 0.297852
-0.961938 -0.273266 0
-0.834115 -0.0399848 0.55014
-0.947665 0.152636 0.280417
-0.862668 0.433889 0.259892
-0.648117 -0.225306 0.727449
-0.69378 0.160622 0.702046
0.259892 0.862668 0.433889
0.263694 0.954052 0.142301
0 0.961938 0.273266
0.702046 0.69378 0.160622
-0.263694 0.954052 0.142301
-0.259892 0.862668 0.433889
-0.702046 0.69378 0.160622
0 -0.961938 0.273266
0.280417 -0.947665 0.152636
0.259892 -0.862668 0.433889
0.525731 -0.850651 0
0.702046 -0.69378 0.160622
-0.259892 -0.862668 0.433889
-0.262866 -0.951056 0.16246
-0.510664 -0.859718 0.0103355
-0.715559 -0.668819 0.201635
0.454978 0.669276 0.587422
0.587785 0.425325 0.688191
0.688191 0.587785 0.425325
0.587785 -0.425325 0.688191
0.454978 -0.669276 0.587422
0.688191 -0.587785 0.425325
-0.596025 0.437001 0.673636
-0.443388 0.683971 0.579301
-0.688191 0.587785 0.425325
