-0.89724 -0.440314 0.0329369
0.627561 0.548129 0.552922
-0.965068 -0.150052 0.214775
0.689842 0.723674 0.0203518
0.855337 0.405434 0.322525
-0.763171 -0.542813 0.350606
0.882736 0.0805898 0.462906
0.403355 0 0.915043
0.216955 0.295021 0.930534
0.189803 -0.279094 0.941319
0.691854 -0.0504893 0.72027
0.530962 0.313441 0.787296
0.585014 -0.578625 0.568289
0.0704538 0.585576 0.80755
0.165129 0.924096 0.344643
0.513415 0.797321 0.317308
-0.083752 0.815019 0.573349
0.351079 0.935833 0.0309919
0.351079 -0.935833 0.0309919
0.32576 0.723153 0.609041
-0.461267 0.679467 0.570576
-0.27144 0.505993 0.818713
-0.483945 -0.174091 0.857607
-0.0515307 0.0833784 0.995185
-0.821105 -0.224501 0.524773
-0.378097 0.164167 0.911094
-0.159994 -0.230861 0.959742
-0.712546 0.0504999 0.699806
-0.586764 0.374471 0.717969
-0.604016 -0.448494 0.6588
-0.309017 -0.5 0.809017
-0.0773953 -0.804194 0.589307
0.506388 -0.335723 0.794268
0 0.99985 0.0172983
-0.508697 -0.823089 0.252492
0.0305178 -0.562543 0.826205
0.165399 -0.930213 0.327637
-0.182444 -0.940654 0.286156
0.265519 -0.738011 0.620354
-0.421773 -0.710458 0.563344
0.809017 -0.309017 0.5
-0.866667 0.496441 0.0493419
0.981941 0.134278 0.133271
-0.83147 0.292081 0.472596
-0.32529 0.889024 0.322216
0.51392 -0.80355 0.300322
0.954966 -0.233959 0.182491
-0.967881 0.188968 0.165823
-0.644939 0.763152 0.0406589
0.770411 -0.578496 0.267971
-0.721652 0.601826 0.342087
