-0.730779 -0.682311 0.0203334
0.801473 0.381266 0.460735
0.525731 0 0.850651
0.571988 0.557721 0.601479
0 0.992677 0.120799
-0.0506787 0.6782 0.733128
-0.549222 -0.0203324 0.835429
-0.0206418 0.167078 0.985728
-0.169628 -0.625899 0.761234
-0.460882 -0.879344 0.119755
0.492556 -0.59678 0.633437
0.74942 -0.504694 0.428549
0.247706 -0.959743 0.13242
-0.970736 0.210106 0.116307
-0.748173 -0.406609 0.524316
-0.591084 0.656592 0.468515
-0.639358 -0.679151 0.36052
-0.286368 0.799371 0.528204
-0.340897 0.916188 0.210686
0.324314 -0.83119 0.4516
-0.496307 -0.569708 0.655067
0.444267 0.339873 0.828923
0.130156 0.444472 0.886287
0.220276 -0.0499757 0.974156
0.269251 0.715118 0.645066
-0.335103 0.263541 0.904573
-0.403894 0.553322 0.728495
-0.247326 -0.0665669 0.966643
0.341088 0.911933 0.228116
0.04938 0.891338 0.450643
0.170013 -0.648138 0.742302
0.306551 -0.355958 0.882791
-0.0206554 -0.334354 0.942221
-0.0101677 -0.843166 0.537557
-0.345798 -0.810963 0.471978
-0.132792 -0.966393 0.220117
-0.357403 -0.354516 0.86405
0.889609 0.432108 0.147912
0.93916 0.0821198 0.33352
0.830912 -0.166729 0.530835
0.931106 -0.281637 0.23178
0.564513 -0.801504 0.197274
0.816793 -0.568162 0.100201
0.747464 0.13086 0.651286
0.606979 -0.299138 0.73627
-0.881675 -0.429071 0.196334
-0.945748 -0.0718017 0.316868
-0.987904 -0.155065 0
-0.855059 0.226372 0.466509
-0.82947 0.497456 0.254002
-0.639533 0.755818 0.140487
-0.788558 -0.0906703 0.608239
-0.622922 0.292598 0.725503
0.630944 0.714049 0.303387
