-0.850651 -0.525731 0
0.976132 0.21654 0.016658
-0.896373 -0.344657 0.278794
-0.713513 -0.631866 0.302729
-0.622292 -0.782786 0
0.714445 0.6386 0.285935
0.885463 0.346695 0.309448
-0.963661 -0.0203965 0.266349
0.991689 -0.12425 0.0333764
0.942221 0.0206554 0.334354
-0.920063 0.316139 0.231386
0.894306 -0.439815 0.0823427
0.869725 -0.307659 0.385906
-0.771261 0.609349 0.183985
0.694596 -0.707397 0.130868
0.683971 -0.579301 0.443388
-0.520773 0.842629 0.137012
0.422641 -0.884126 0.199237
0.397816 -0.755728 0.520209
0.131739 -0.917846 0.374438
0.150274 -0.988161 0.030905
-0.149539 -0.972437 0.1789
-0.444464 -0.85264 0.274694
-0.184424 -0.849034 0.495105
0.10092 -0.727293 0.678867
-0.478954 -0.67468 0.561614
-0.208456 -0.621806 0.754919
-0.714752 -0.41148 0.56552
-0.459164 -0.402786 0.79179
-0.823181 -0.0893991 0.560696
-0.584232 -0.0938675 0.80614
-0.800712 0.244744 0.546773
-0.669612 0.552418 0.496441
-0.558545 0.246832 0.791897
0.333001 0.937341 0.102481
0.446091 0.805781 0.389512
0.0333048 0.964909 0.260463
-0.278342 0.889916 0.361352
0.149875 0.82044 0.551738
-0.387387 0.682836 0.619408
-0.0709865 0.655109 0.752193
-0.265155 0.401033 0.87685
-0.316778 0.0660424 0.946198
-0.187448 -0.247265 0.950644
0.0609563 -0.46365 0.883919
0.390811 -0.498775 0.773622
0.671342 -0.325165 0.666008
0.77334 -0.0101776 0.63391
0.728226 0.322009 0.604977
0.50307 0.580638 0.64014
0.224768 0.497253 0.837985
0.469431 0.248763 0.847202
0.480549 -0.0985787 0.87141
0.151549 -0.133256 0.979426
0.0206298 0.200496 0.979477
