0.949081 -0.24422 0.199001
-0.862668 -0.433889 0.259892
0.993346 0.113951 0.0166915
-0.689842 -0.723674 0.0203518
0.873409 0.438297 0.212255
-0.478987 -0.803008 0.354613
0.905103 0.0917393 0.415177
0.546427 0.123065 0.828416
0.16246 0.262866 0.951056
0.366576 -0.230237 0.901451
0.70898 -0.223929 0.668732
0.707769 0.400838 0.581715
0.746865 -0.536894 0.392349
0.370329 0.532386 0.761197
-0.170242 0.801649 0.573042
0.589575 0.720854 0.364378
-0.117537 0.522087 0.844754
0.0666257 0.974649 0.213589
-0.430014 0.857299 0.283065
0.225309 0.812164 0.538168
-0.733613 0.592854 0.332167
-0.472104 0.563486 0.677939
-0.637627 -0.0810551 0.766069
0 -0.100231 0.994964
-0.891353 -0.0712403 0.447676
-0.327637 0.165399 0.930213
-0.329911 -0.309844 0.891715
-0.942792 0.254397 0.215468
-0.75414 0.280547 0.593773
-0.649612 -0.457792 0.606985
-0.301233 -0.655487 0.692528
0.409642 -0.830501 0.37744
0.454565 -0.568385 0.685791
0.233395 -0.971515 0.0410412
0.0266209 -0.84577 0.532883
0.0690419 -0.536948 0.840786
0.656004 -0.753045 0.0508214
-0.149539 -0.972437 0.1789
