-0.668055 -0.744112 0
0.841094 0.308973 0.443956
0.560959 0.0101677 0.827781
0.611522 0.555073 0.563858
0.0203244 0.819715 0.57241
-0.558356 0.66982 0.489468
-0.532883 -0.0266209 0.84577
0 0 1
-0.591142 -0.588713 0.551333
-0.0493738 -0.875153 0.481321
0.252492 -0.508697 0.823089
0.809846 -0.397634 0.43132
0.774409 -0.626086 0.0911447
-0.998722 0.0379413 0.0333994
-0.807702 -0.363003 0.464593
-0.759957 0.426662 0.490331
0.553959 0.773567 0.307772
-0.55143 0.808281 0.206413
-0.0835203 -0.996453 0.0103221
0.523467 -0.547636 0.652746
-0.264286 -0.926741 0.267028
0.389512 0.446091 0.805781
0.132802 0.315162 0.9397
0.299556 -0.0662061 0.951779
0.0805749 0.597008 0.798179
-0.170416 0.409416 0.896291
-0.48624 0.408286 0.772575
-0.279445 0.116133 0.953113
0.335617 0.711034 0.617893
-0.267381 0.65662 0.705236
0.0614529 -0.30008 0.951932
0.465862 -0.292961 0.834953
-0.254397 -0.215468 0.942792
-0.0603185 -0.573961 0.816658
-0.292598 -0.725503 0.622922
0.187432 -0.749786 0.634579
-0.391091 -0.471276 0.790536
0.780423 0.561919 0.274202
0.964427 0.174592 0.198489
0.868613 0 0.49549
0.954049 -0.169874 0.246847
0.648818 -0.657134 0.38368
0.928448 -0.371461 0
0.653955 0.279357 0.703066
0.714464 -0.206848 0.668398
-0.781883 -0.575129 0.240593
-0.951568 -0.219588 0.215174
0.902772 0.429803 0.0164703
-0.876093 -0.0506228 0.479478
-0.933435 0.224739 0.279629
-0.792649 0.571252 0.213023
-0.6386 -0.285935 0.714445
-0.722763 0.170263 0.669795
0.263143 0.898301 0.351867
0.400202 0.914343 0.0617733
-0.0497061 0.9561 0.288796
-0.540927 -0.785857 0.299712
-0.282858 0.956494 0.0714919
-0.297763 0.842815 0.44833
0.535114 -0.837822 0.108201
0.149467 -0.961495 0.230622
0.390436 -0.827488 0.403514
