-0.233506 -0.656735 0.717059
-0.766526 -0.631317 0.1178
-0.926243 -0.234383 0.295192
0.733613 0.592854 0.332167
0.411092 0.899037 0.150786
-0.414165 -0.843349 0.342388
0.812169 -0.119078 0.57114
0.471472 -0.206416 0.857383
0.67032 0.298776 0.679268
0.281637 0.23178 0.931106
0.217322 -0.586051 0.780587
0.61765 -0.56516 0.546902
0.964427 0.174592 0.198489
0.895676 -0.390332 0.213084
-0.95746 0.209329 0.198623
0.292149 -0.86701 0.403661
0.640868 -0.758073 0.120883
-0.735032 0.599999 0.3158
-0.743496 -0.0406771 0.667502
-0.401461 -0.261444 0.877768
-0.230622 0.149467 0.961495
-0.561225 0.370757 0.739977
0.0309524 -0.217011 0.975678
-0.661447 -0.50663 0.553005
-0.0399848 0.55014 0.834115
0.390401 0.659696 0.642175
0.0493864 0.899014 0.435127
-0.354664 0.742003 0.568898
-0.0500511 -0.99183 0.117336
-0.313584 0.93724 0.152465
