-0.853334 -0.521105 0.0164517
0.944433 0.26155 0.199094
-0.96046 -0.223593 0.165902
0.774399 0.533351 0.340358
0.629033 0.766347 0.1305
-0.80571 -0.45702 0.37678
-0.64439 -0.730548 0.225967
0.997579 -0.0482476 0.0500751
0.817187 0.243634 0.522349
0.919095 -0.0925047 0.383023
0.733128 -0.0506787 0.6782
0.575129 0.240593 0.781883
0.56516 0.546902 0.61765
0.427135 0.803016 0.415597
0.33352 0.93916 0.0821198
0.115316 0.930348 0.348074
0.180837 0.738296 0.649782
0.300572 0.458345 0.836407
0.272604 0.13269 0.952933
0.441675 -0.164016 0.882055
0.634705 -0.380913 0.67235
0.820554 -0.421509 0.386032
0.92062 -0.387309 0.0495089
-0.944806 0.172245 0.278699
-0.86259 -0.11872 0.491777
-0.819701 0.507872 0.264871
0.725274 -0.67018 0.157592
0.546783 -0.684319 0.482427
-0.741307 0.340248 0.578528
-0.615456 0.771841 0.159613
0.439485 -0.878135 0.18903
-0.313584 0.93724 0.152465
0 0.99985 0.0172983
-0.206416 0.857383 0.471472
-0.529858 0.690399 0.492543
-0.150462 0.649842 0.745028
-0.45399 0.46843 0.757935
-0.0412757 0.367605 0.929066
-0.325929 -0.905832 0.270627
0.115808 -0.942339 0.313984
0.217357 -0.77182 0.597537
0.335869 -0.510043 0.791864
-0.133342 -0.819471 0.557393
-0.472724 -0.698007 0.537883
-0.010177 -0.586941 0.809565
0.112183 -0.281857 0.952875
-0.0621965 0.016699 0.997924
-0.3545 0.181365 0.917298
-0.661294 0.0203253 0.749852
-0.649552 -0.348411 0.67579
-0.39416 -0.164198 0.904255
-0.346117 -0.493236 0.798073
