-0.850651 -0.525731 0
0.951568 0.219588 0.215174
-0.964409 -0.206081 0.165671
0.769928 0.518388 0.372135
0.606101 0.784696 0.129974
-0.644573 -0.724896 0.243005
-0.795871 -0.43352 0.422669
0.471201 0.72898 0.496546
0.263957 0.940255 0.215054
-0.329196 -0.93024 0.162123
-0.377449 -0.778488 0.501486
-0.52866 -0.490264 0.692936
0.106494 0.82711 0.551859
-0.116133 0.953113 0.279445
0.0333805 -0.995397 0.0898328
-0.0164675 -0.895196 0.445368
-0.159613 -0.615456 0.771841
0.211927 -0.703837 0.678012
0.424482 -0.826656 0.369398
-0.3845 0.923067 0.0103365
-0.267971 0.770411 0.578496
-0.553959 0.773567 0.307772
0.686355 -0.720226 0.100949
0.605133 -0.544736 0.580582
0.850353 -0.430613 0.302444
0.987169 -0.145079 0.0666977
-0.873298 0.469132 0.131398
-0.932869 0.14249 0.330834
-0.796672 -0.100171 0.596053
-0.723771 0.487216 0.488648
-0.638646 0.214919 0.738878
-0.512916 -0.135473 0.847682
-0.372904 0.475231 0.79693
-0.010177 0.586941 0.809565
-0.25519 0.132768 0.957732
-0.172245 -0.278699 0.944806
0.36447 0.489569 0.792139
0.101813 0.26502 0.958853
0.165681 -0.0999958 0.981097
0.350433 -0.399327 0.847192
0.453679 0.131555 0.881402
0.738253 0.235423 0.632107
0.649782 -0.180837 0.738296
0.891353 -0.0712403 0.447676
