-0.850651 -0.525731 0
0.952437 0.26561 0.149385
0.804829 0.496492 0.325185
0.659941 0.733998 0.160388
-0.659941 -0.733998 0.160388
-0.815133 -0.486437 0.314544
-0.954966 -0.233959 0.182491
-0.591084 -0.656592 0.468515
-0.400384 -0.859901 0.316644
-0.433045 -0.901372 0
-0.848498 -0.216004 0.483108
-0.649448 -0.399769 0.64684
-0.669094 -0.0909534 0.737591
-0.846555 0.0980171 0.5232
-0.976427 0.0820588 0.199641
0.99183 -0.0514846 0.116719
0.868535 0.198227 0.454262
0.901416 -0.131156 0.41261
0.917299 -0.3545 0.181365
-0.904092 0.406511 0.131786
-0.799096 0.40755 0.441983
-0.642147 0.242237 0.727302
-0.435127 0.0493864 0.899014
-0.426964 -0.275679 0.861222
-0.382627 -0.585687 0.71454
-0.20299 -0.802559 0.560976
-0.0996497 -0.958014 0.268847
-0.149838 -0.442991 0.883916
-0.175848 -0.116573 0.977491
0.0406771 -0.667502 0.743496
0.114886 -0.864047 0.490127
0.133269 0.989157 0.0617124
0.214931 -0.955494 0.202078
0.400384 0.859901 0.316644
0.569708 0.655067 0.496307
0.678801 0.386056 0.624652
0.711687 0.0706299 0.698937
-0.182302 0.976766 0.112669
0.0660316 0.928409 0.365645
0.251154 0.771104 0.585081
0.406609 0.524316 0.748173
0.465034 0.222468 0.856885
0.182875 0.0999013 0.978047
-0.140062 0.198611 0.970019
0.150786 0.411092 0.899037
0.112161 -0.24837 0.96215
0.418316 -0.0989119 0.9029
0.642147 -0.242237 0.727302
0.359158 -0.413488 0.83668
0.348411 -0.67579 0.649552
0.772513 -0.41866 0.477439
0.460735 -0.801473 0.381266
0.750093 -0.623154 0.221448
0.509432 -0.857723 0.0692064
-0.727293 0.678867 0.10092
-0.375039 0.383614 0.843911
-0.0101776 0.656795 0.754
-0.182741 0.821644 0.539914
-0.447174 0.857113 0.255718
-0.435687 0.63808 0.634846
