-0.850651 -0.525731 0
0.952933 0.272604 0.13269
-0.940654 -0.286156 0.182444
-0.788833 -0.538123 0.296928
-0.652502 -0.74958 0.11123
0.6921 0.692192 0.204615
0.818838 0.454496 0.350624
-0.999229 -0.0206401 0.0333964
-0.83147 -0.292081 0.472596
-0.942221 -0.0206554 0.334354
-0.56552 -0.714752 0.41148
-0.626469 -0.481837 0.612674
-0.674215 -0.184558 0.715103
-0.798179 0.0805749 0.597008
-0.573349 0.083752 0.815019
-0.419673 -0.180293 0.889589
-0.372904 -0.475231 0.79693
-0.32576 -0.723153 0.609041
-0.386187 -0.891007 0.238677
0.447676 0.891353 0.0712403
-0.131672 -0.889237 0.438088
-0.0303309 -0.72085 0.692427
-0.0702728 -0.47883 0.875091
-0.100044 -0.983854 0.148398
0.168216 -0.848838 0.501176
0.198623 -0.95746 0.209329
0.276969 -0.644192 0.712955
-0.112669 -0.182302 0.976766
-0.275586 0.0830123 0.957685
0.219381 -0.388404 0.894994
0.458698 -0.742189 0.488621
0.485234 -0.851954 0.19678
0.166001 0.973942 0.154536
-0.133178 0.986073 0.0996199
0.450033 0.812154 0.371316
0.597048 0.598496 0.534169
0.147807 0.881861 0.447744
0.329009 0.700122 0.633705
-0.164198 0.904255 0.39416
-0.430583 0.896869 0.101119
0.0203334 0.730779 0.682311
-0.299138 0.73627 0.606979
-0.502726 0.780021 0.372605
-0.408555 0.348957 0.843393
-0.166729 0.530835 0.830912
-0.540848 0.541969 0.643236
-0.767577 0.380651 0.515685
-0.92164 0.284189 0.264227
-0.747877 0.5977 0.28885
-0.67906 0.734013 0.0101776
-0.873128 0.48638 0.032906
0.690418 -0.655589 0.305819
0.962219 -0.237692 0.132802
0.83748 -0.393261 0.379438
0.624242 -0.510115 0.591696
0.948187 0.0103365 0.317544
0.50387 -0.308793 0.806698
0.751314 -0.227747 0.619402
0.824695 0.205323 0.526992
0.671124 0.0506507 0.739613
0.610604 0.351896 0.709459
0.42471 -0.0329356 0.90473
0.131122 0.0166909 0.991226
-0.0307329 0.283415 0.958505
0.351867 0.263143 0.898301
0.175796 0.517544 0.837403
