-0.850651 -0.525731 0
0.963578 0.266908 0.0166551
-0.893346 -0.375914 0.246214
-0.738519 -0.626664 0.248759
-0.668055 -0.744112 0
0.738519 0.626664 0.248759
0.884897 0.385051 0.262094
-0.745004 -0.46207 0.481104
-0.967277 -0.102196 0.232233
-0.851954 -0.19678 0.485234
0.999479 -0.0276203 0.0167009
0.958853 0.101813 0.26502
0.522349 0.817187 0.243634
0.574937 0.663299 0.479043
0.741216 0.424476 0.520019
0.840178 0.156434 0.519258
-0.522349 -0.817187 0.243634
-0.400968 -0.916092 0
-0.541538 -0.676056 0.499685
-0.313409 -0.840916 0.441176
-0.198623 -0.95746 0.209329
-0.0329369 -0.89724 0.440314
-0.147705 -0.735916 0.660765
-0.382627 -0.585687 0.71454
-0.6031 -0.368108 0.707649
-0.699337 -0.100655 0.707669
-0.472637 -0.163706 0.865919
-0.281401 -0.371304 0.884843
-0.0494396 -0.537559 0.841775
0.137784 -0.746334 0.651153
-0.839466 0.0886599 0.53613
-0.947759 0.180051 0.263314
-0.649782 0.180837 0.738296
-0.412455 0.115373 0.903643
-0.216975 -0.099775 0.971065
0.0103365 -0.283526 0.958909
0.233445 -0.511205 0.827147
-0.807702 0.363003 0.464593
-0.948172 0.317329 0.0165241
-0.840031 0.49986 0.210922
0.950644 -0.187448 0.247265
0.852775 -0.127897 0.506377
0.823654 -0.562295 0.0736115
0.838746 -0.433893 0.329003
-0.45702 0.37678 0.80571
-0.60807 0.516941 0.602514
-0.652147 0.671869 0.351136
-0.655109 0.752193 0.0709865
0.668439 -0.69118 0.274701
0.275679 -0.861222 0.426964
0.454262 -0.868535 0.198227
0.116307 -0.970736 0.210106
0.495657 -0.701667 0.511846
0.677939 -0.472104 0.563486
0.493939 -0.392927 0.77565
0.67018 -0.157592 0.725274
0.291508 -0.247982 0.923866
0.651153 0.137784 0.746334
0.460791 -0.0164666 0.887356
0.131122 -0.0166909 0.991226
-0.119915 0.166015 0.978805
0.545902 0.402302 0.734945
0.359256 0.246737 0.900031
0.0924032 0.349974 0.932191
-0.18903 0.439485 0.878135
0.291536 0.527686 0.797844
0.0203064 0.622163 0.782624
0.3158 0.735032 0.599999
-0.320203 0.630114 0.707408
0.262661 0.891742 0.368518
0.0406404 0.819207 0.572056
0.149623 0.982629 0.109784
-0.0330414 0.944047 0.328151
-0.237229 0.830359 0.504209
-0.444464 0.85264 0.274694
-0.14999 0.98606 0.072033
