-0.0506787 -0.6782 0.733128
0.855081 0.177481 0.487173
-0.964909 -0.260463 0.0333048
0.771104 0.585081 0.251154
-0.366809 -0.926651 0.0822735
-0.727449 -0.648117 0.225306
0.700376 -0.362647 0.614785
0.560723 0.0304909 0.827442
0.52866 0.490264 0.692936
0.172245 0.278699 0.944806
0.298573 -0.371124 0.879273
0.38673 -0.737712 0.553372
0.955494 -0.202078 0.214931
-0.432953 0.90118 0.0206669
-0.951056 0.16246 0.262866
0.738819 -0.632754 0.231881
0.0663481 -0.957048 0.282237
-0.760614 0.601298 0.244757
-0.834056 -0.243918 0.494829
-0.540709 -0.0963503 0.835674
-0.295675 0.310458 0.903433
-0.700075 0.310766 0.642899
-0.089324 -0.116532 0.989162
-0.513375 -0.564254 0.646578
0.0305194 0.678783 0.733704
0.379438 0.83748 0.393261
-0.0825048 0.935459 0.343671
-0.431311 0.697875 0.571788
