-0.850651 -0.525731 0
0 0 1
0.525731 -0.850651 0
0.79445 -0.187942 0.577518
-0.79445 0.187942 0.577518
0.180328 0.791892 0.583429
-0.180328 -0.791892 0.583429
-0.367947 -0.929847 0
0.928448 -0.371461 0
0.686417 0.426149 0.589261
-0.686417 -0.426149 0.589261
0.425325 -0.688191 0.587785
-0.425325 0.688191 0.587785
0.976427 0.0820588 0.199641
-0.394429 0.277175 0.876128
0.394429 -0.277175 0.876128
0.265155 0.401033 0.87685
-0.265155 -0.401033 0.87685
-0.0832144 0.974831 0.206834
-0.947665 -0.152636 0.280417
0.14928 -0.94744 0.282972
0.592683 0.741534 0.314413
-0.592683 -0.741534 0.314413
0.753635 -0.559719 0.344599
-0.753635 0.559719 0.344599
0.568162 0.100201 0.816793
-0.568162 -0.100201 0.816793
-0.0995276 0.572302 0.813981
0.0995276 -0.572302 0.813981
-0.385906 0.869725 0.307659
0.850475 0.147348 0.504956
-0.941319 0.189803 0.279094
-0.182444 -0.940654 0.286156
0.857555 0.412735 0.307
-0.135473 0.847682 0.512916
0.264083 0.916244 0.301259
