-0.850651 -0.525731 0
0.993413 0.0931376 0.0667474
-0.895123 -0.24678 0.371288
-0.64684 -0.649448 0.399769
0.52563 0.850487 0.0196337
0.657562 0.634393 0.406396
0.84158 0.205591 0.499475
0.493939 0.392927 0.77565
0.238352 0.749885 0.617139
0.116287 0.96692 0.227031
-0.247167 -0.906411 0.342532
0.166025 -0.976527 0.137228
-0.251154 0.771104 0.585081
0.0412736 0.432703 0.900591
-0.503322 0.847809 0.166993
-0.937527 0.207309 0.279403
-0.683945 0.545258 0.484678
0.827781 -0.560959 0.0101677
0.851562 -0.300221 0.429778
0.552454 -0.760406 0.341435
0.14359 -0.810272 0.568191
-0.411329 0.375114 0.830721
-0.73228 0.0708441 0.677308
-0.552108 -0.360745 0.751692
-0.020654 -0.464511 0.885327
-0.271405 -0.0498366 0.961174
0.189145 0 0.981949
0.605014 -0.0710037 0.793043
0.46013 -0.510799 0.726198
