-0.933498 0.355142 0.0495457
0.811377 0.583727 0.030491
0.984427 0.0924216 0.149541
-0.525326 -0.849995 0.0392598
0.83748 0.393261 0.379438
-0.719927 -0.594391 0.358337
0.808579 0.0508195 0.586189
0.506262 0.0164526 0.862223
0.253384 0.325987 0.910785
0.215054 -0.263957 0.940255
0.627041 -0.371309 0.684798
0.595414 0.384153 0.705627
0.902537 -0.262757 0.341154
0.301233 0.655487 0.692528
-0.0203324 0.835429 0.549222
0.24808 0.933987 0.257148
-0.0792333 0.548905 0.832121
-0.149417 0.969143 0.196051
-0.561522 0.824514 0.0697823
0.589575 0.720854 0.364378
-0.418038 0.788414 0.451273
-0.561614 0.478954 0.67468
-0.678867 0.10092 0.727293
-0.010322 0.0501069 0.998691
-0.937963 -0.27165 0.215481
-0.349848 0.230712 0.907953
-0.435439 -0.180202 0.881998
-0.917404 0.112226 0.381806
-0.743791 0.576387 0.338457
-0.772646 -0.255549 0.58113
-0.492543 -0.529858 0.690399
0.0164517 -0.853334 0.521105
0.254248 -0.606851 0.753054
0.263677 -0.944158 0.197584
-0.386032 -0.820554 0.421509
-0.129005 -0.475762 0.870062
0.761094 -0.61338 0.210954
-0.133271 -0.981941 0.134278
0.481104 -0.745004 0.46207
