-0.843166 -0.537557 0.0101677
0.95746 0.209329 0.198623
-0.95746 -0.209329 0.198623
0.76112 0.495547 0.418485
-0.77565 -0.493939 0.392927
0.60108 0.776626 0.18856
-0.575376 -0.791174 0.207332
-0.472778 -0.66463 0.578574
-0.230237 -0.901451 0.366576
0.283415 0.958505 0.0307329
-0.100655 -0.707669 0.699337
0.164016 -0.882055 0.441675
0.0999833 -0.993068 0.0617931
0.276468 0.868813 0.410767
-0.148695 0.930578 0.334536
0.457792 0.606985 0.649612
0 0.750007 0.66143
0.159117 0.457934 0.87463
0.651324 0.25247 0.715567
0.859718 -0.0103355 0.510664
0.348074 0.115316 0.930348
0.610622 -0.14093 0.779281
0.303387 -0.630944 0.714049
0.259422 -0.27982 0.924338
0.648494 -0.485894 0.585972
0.539647 -0.77301 0.33352
-0.478002 0.873745 0.0899078
0.885463 -0.346695 0.309448
0.776552 -0.628006 0.0507467
-0.988779 0.148454 0.0166674
-0.400082 0.703379 0.58753
-0.719927 0.594391 0.358337
-0.889749 0.20936 0.405605
-0.800119 -0.148891 0.581068
-0.513832 -0.319378 0.796225
-0.131915 -0.380432 0.915352
-0.0345915 0 0.999402
-0.429646 0.06589 0.90059
-0.634491 0.35507 0.686546
-0.246816 0.43277 0.867059
