-0.850651 -0.525731 0
0.981941 0.134278 0.133271
-0.933435 -0.224739 0.279629
-0.710458 -0.563344 0.421773
-0.559649 -0.821534 0.108973
0.630944 0.714049 0.303387
0.813619 0.344632 0.468245
0.492543 0.529858 0.690399
0.265438 0.845972 0.462466
0.200046 0.977844 0.0616677
-0.246214 -0.893346 0.375914
-0.386056 -0.624652 0.678801
-0.62958 -0.275772 0.726347
-0.832121 0.0792333 0.548905
-0.972437 0.1789 0.149539
-0.529783 0.129291 0.83822
-0.171719 -0.344732 0.922861
0.0405162 -0.689401 0.723246
0.181787 -0.92354 0.33768
-0.232727 0.969094 0.0818269
-0.151959 0.848387 0.507097
0.0811419 0.62024 0.780204
-0.32763 0.496714 0.8037
-0.677939 0.472104 0.563486
-0.526633 0.785317 0.325477
-0.815019 0.573349 0.083752
0.566504 -0.804645 0.177822
-0.138097 0.0833932 0.986902
0.249782 0.264261 0.931544
0.223593 -0.165902 0.96046
0.615961 0.124373 0.777897
0.443388 -0.683971 0.579301
0.590793 -0.305545 0.74673
0.789607 -0.491787 0.366969
0.865912 -0.0795738 0.493826
