-0.850651 -0.525731 0
0.94744 0.282971 0.14928
0.806698 0.50387 0.308793
0.671512 0.725504 0.150715
-0.671512 -0.725504 0.150715
-0.816906 -0.493756 0.298111
-0.95163 -0.258519 0.166038
-0.46461 -0.885516 0
0.871054 0.227685 0.43523
0.999807 0.010322 0.0167014
0.946973 -0.0513882 0.317176
0.953113 -0.279445 0.116133
-0.959114 0.216491 0.182295
-0.929648 -0.0206686 0.367868
-0.818713 -0.27144 0.505993
-0.862905 0.495667 0.0985379
-0.827488 0.403514 0.390436
-0.800119 0.148891 0.581068
-0.678867 -0.10092 0.727293
-0.583429 0.180328 0.791892
-0.634846 0.435687 0.63808
-0.691288 0.662262 0.289015
-0.646578 -0.513375 0.564254
-0.507437 -0.754221 0.416724
-0.499121 -0.351329 0.792115
-0.429646 -0.06589 0.90059
-0.386056 -0.624652 0.678801
-0.234383 -0.295192 0.926243
-0.119078 -0.57114 0.812169
-0.147414 -0.79017 0.594895
-0.263854 -0.910555 0.318232
0.0330226 -0.925705 0.376803
0.130852 -0.71506 0.686707
0.308665 -0.833209 0.458791
-0.0999844 -0.99184 0.0790967
0.19858 -0.97237 0.122729
0.668055 -0.744112 0
0.55444 -0.779768 0.290787
0.802559 -0.560975 0.20299
0.853688 -0.333589 0.399919
0.659705 -0.569496 0.490371
0.415275 -0.605051 0.679309
-0.415177 0.905103 0.0917393
0.168332 -0.472646 0.865026
-0.0999958 0.981097 0.165681
0.23113 0.953223 0.194795
0.453804 0.818208 0.352984
-0.435338 0.816363 0.379516
-0.147807 0.881861 0.447744
0.174091 0.857607 0.483945
-0.406396 0.657562 0.634393
-0.387604 0.420551 0.820305
-0.100655 0.707669 0.699337
-0.251343 0.182625 0.950513
-0.0908733 0.446838 0.889988
-0.0655594 -0.0500887 0.996591
0.199331 0.656006 0.727958
0.602514 0.60807 0.516941
0.0921453 0.215979 0.97204
0.216491 -0.182295 0.959114
0.444267 -0.339873 0.828923
0.692528 -0.301233 0.655487
0.809227 -0.0305179 0.586703
0.578369 -0.0672695 0.812997
0.384373 0.147997 0.911238
0.663207 0.218637 0.715789
0.397634 0.43132 0.809846
