-0.850651 -0.525731 0
0.861222 0.426964 0.275679
0.970792 0.230492 0.0666063
-0.921523 -0.323426 0.214921
-0.769446 -0.571727 0.284746
-0.655109 -0.752193 0.0709865
0.703837 0.678012 0.211927
0.67468 0.561614 0.478954
0.797844 0.291536 0.527686
0.937341 0.102481 0.333001
-0.548854 -0.754493 0.359861
0.475762 0.870062 0.129005
-0.394136 -0.904839 0.161006
0.477439 0.772513 0.41866
-0.275679 -0.861222 0.426964
0.247775 0.918304 0.308749
0.167078 0.985728 0.0206418
-0.0499438 -0.965931 0.253935
0 -0.850651 0.525731
-0.211927 -0.703837 0.678012
-0.516941 -0.602514 0.60807
-0.735011 -0.414273 0.536784
-0.87463 -0.159117 0.457934
-0.982484 -0.0309524 0.183759
0.99184 -0.0790967 0.0999844
0.0709865 -0.655109 0.752193
-0.344632 -0.468245 0.813619
-0.571727 -0.284746 0.769446
-0.723246 -0.0405162 0.689401
-0.0515406 -0.416536 0.907657
-0.320632 -0.182039 0.929547
-0.496441 0.0493419 0.866667
-0.892852 0.140501 0.427873
-0.952437 0.26561 0.149385
-0.705236 0.267381 0.65662
-0.795871 0.43352 0.422669
-0.454496 0.350624 0.818838
-0.581952 0.54065 0.607478
-0.220117 0.132792 0.966393
-0.0309041 -0.116833 0.992671
-0.131156 0.41261 0.901416
-0.305212 0.605742 0.734794
-0.829468 0.540828 0.139598
0.917846 -0.374438 0.131739
-0.640787 0.686277 0.344116
0.907052 -0.190661 0.375374
0.809565 -0.010177 0.586941
-0.392927 0.77565 0.493939
-0.0333122 0.969275 0.243714
-0.0963503 0.835674 0.540709
0.206749 0.782406 0.587448
0 0.645454 0.763799
-0.325939 0.915445 0.23606
0.183759 -0.982484 0.0309524
0.231086 -0.914155 0.333047
0.2952 -0.75821 0.581356
-0.573243 0.815477 0.0799385
0.746334 -0.651153 0.137784
0.499474 -0.84158 0.205591
0.794924 -0.466914 0.38741
0.584716 -0.678977 0.443957
0.727736 -0.295888 0.618749
0.482427 -0.546783 0.684319
0.246816 -0.43277 0.867059
0.500892 -0.281541 0.818438
0.279445 -0.116133 0.953113
0.595347 0 0.803469
0.590793 0.305545 0.74673
0.436792 0.573068 0.693402
0.208476 0.437514 0.874711
0.371216 0.180877 0.910759
0.0821974 0.166437 0.98262
