-0.84577 -0.532883 0.0266209
0.8037 0.32763 0.496714
0.510938 0 0.859618
0.605133 0.544736 0.580582
-0.0101683 0.75931 0.65065
-0.554337 0.467086 0.68887
-0.511387 -0.0493354 0.857933
-0.0103221 0.116889 0.993091
-0.496441 -0.669612 0.552418
0.0507458 -0.794015 0.605777
0.570576 -0.461267 0.679467
0.809017 -0.309017 0.5
0.819885 -0.572529 0
0.999229 -0.0206401 0.0333964
-0.706451 -0.457628 0.53991
-0.779714 0.343989 0.52318
0.515685 0.767577 0.380651
-0.546783 0.684319 0.482427
0 0.998654 0.0518743
0.546783 -0.684319 0.482427
-0.458345 -0.836407 0.300572
0.491787 0.366969 0.789607
0.234383 0.295192 0.926243
0.243714 -0.0333122 0.969275
0.0690419 0.536948 0.840786
-0.161663 0.361899 0.918093
-0.440683 0.244027 0.863857
-0.240637 -0.0831686 0.967045
0.327512 0.641931 0.693297
-0.278954 0.619244 0.733977
0.132802 -0.315162 0.9397
0.419913 -0.291383 0.859517
-0.171163 -0.377214 0.910172
0.0603185 -0.573961 0.816658
-0.235423 -0.632107 0.738253
0.327512 -0.641931 0.693297
-0.468849 -0.413243 0.780648
0.837891 0.480062 0.259769
0.947665 0.152636 0.280417
0.859718 -0.0103355 0.510664
0.944806 -0.172245 0.278699
0.818438 -0.500892 0.281541
0.95191 -0.306378 0
0.69378 0.160622 0.702046
0.674215 -0.184558 0.715103
-0.859517 -0.419913 0.291383
-0.954052 -0.142301 0.263694
0.963578 0.266908 0.0166551
-0.859718 0.0103355 0.510664
-0.95694 0.152612 0.246931
-0.862668 0.433889 0.259892
-0.706105 -0.197216 0.680089
-0.68471 0.150817 0.71304
0.243045 0.838951 0.486919
0.279403 0.937527 0.207309
-0.0165131 0.930411 0.366145
0.692575 0.7054 0.150834
-0.263677 0.944158 0.197584
-0.281541 0.818438 0.500892
-0.668398 0.714464 0.206848
0 -0.940742 0.339123
0.247706 -0.959743 0.13242
0.291383 -0.859517 0.419913
-0.495384 0.868428 0.0206668
0.643996 -0.735965 0.208867
-0.237229 -0.830359 0.504209
-0.230901 -0.962455 0.142705
-0.49549 -0.868613 0
-0.703903 -0.666411 0.2458
