-0.687658 -0.721522 0.080823
0.947873 0.296787 0.115989
-0.869647 -0.372561 0.323903
0.719927 0.594391 0.358337
0.40347 0.885949 0.228706
-0.418038 -0.788414 0.451273
0.747213 -0.199002 0.634091
0.384373 -0.147997 0.911238
0.697319 0.257874 0.668765
0.303351 0.294993 0.906067
0.244744 -0.546773 0.800712
0.586364 -0.614787 0.527461
0.962455 -0.142705 0.230901
-0.853334 0.521105 0.0164517
-0.97204 0.0921453 0.215979
0.196015 -0.865871 0.460267
0.545532 -0.826677 0.13784
-0.780985 0.435077 0.448074
-0.791855 -0.010177 0.610624
-0.449777 -0.0987316 0.887667
-0.112669 0.182302 0.976766
-0.484295 0.382505 0.78686
-0.0511141 -0.249702 0.966973
-0.587422 -0.454978 0.669276
-0.0508195 0.586189 0.808579
0.38368 0.648818 0.657134
0.032906 0.873128 0.48638
-0.43367 0.757717 0.487642
-0.149665 -0.978134 0.144411
-0.214782 0.967599 0.132743
-0.179094 -0.613657 0.768993
