-0.850651 -0.525731 0
0.972437 0.1789 0.149539
-0.942922 -0.22242 0.247845
-0.746865 -0.536894 0.392349
0.80268 0.449321 0.392194
-0.582509 -0.802478 0.129279
0.581005 0.76687 0.272661
0.510115 0.591696 0.624242
0.672319 0.2289 0.703983
0.876776 -0.0309894 0.479899
0.331471 0.340285 0.879962
0.450643 -0.04938 0.891338
0.663567 -0.31554 0.678317
0.966393 -0.220117 0.132792
0.783452 -0.516122 0.346153
-0.947759 0.180051 0.263314
-0.843986 0.529397 0.0861776
0.607292 -0.78678 0.110339
0.478214 -0.706882 0.52118
0.326128 -0.471716 0.819222
0.0820588 -0.199641 0.976427
-0.0309524 0.183759 0.982484
-0.765845 -0.198505 0.611619
-0.327344 -0.0825026 0.941297
-0.478394 -0.42352 0.769266
-0.0886599 -0.53613 0.839466
-0.423231 -0.74083 0.52158
0.0773953 -0.804194 0.589307
0.264261 -0.931544 0.249782
-0.165805 -0.941542 0.293271
-0.620698 0.150979 0.769376
-0.747106 0.4345 0.503033
-0.325506 0.414707 0.849743
0.0406575 0.598369 0.800188
0.205003 0.831085 0.516983
0.264412 0.956652 0.122082
-0.133271 0.981941 0.134278
-0.192895 0.812225 0.550529
-0.580163 0.75457 0.306651
