-0.850651 -0.525731 0
0.861222 0.426964 0.275679
0.965931 0.253935 0.0499438
-0.907953 -0.349848 0.230712
-0.747877 -0.5977 0.28885
-0.656519 -0.753692 0.0305195
0.692289 0.674872 0.255505
-0.527686 -0.797844 0.291536
0.472646 0.865026 0.168332
-0.349974 -0.932191 0.0924032
0.9397 0.132802 0.315162
0.791898 0.282664 0.541294
0.648999 0.550617 0.524996
0.458327 0.769585 0.444606
0.21536 0.93279 0.289002
0.0834918 0.996028 0.0309503
0.176527 0.811817 0.556589
0.369805 0.626368 0.686227
0.536894 0.392349 0.746865
-0.0659884 0.921919 0.381722
-0.19858 0.97237 0.122729
0.656282 0.121144 0.744727
0.834622 -0.0203506 0.550447
-0.1178 0.766526 0.631317
0.0906703 0.608239 0.788558
0.273346 0.386299 0.88094
0.402375 0.0989503 0.910112
-0.35532 0.826411 0.436799
0.672319 -0.2289 0.703983
0.422578 -0.212368 0.881095
0.116967 0.133245 0.984157
-0.0618653 0.367185 0.928088
-0.254739 0.557508 0.790122
0.0617953 -0.166851 0.984044
-0.175962 0.0333309 0.983833
-0.344657 0.278794 0.896373
-0.499488 0.607725 0.617399
-0.592854 0.332167 0.733613
-0.465658 0 0.884965
-0.274377 -0.248073 0.929073
-0.702335 0.0403193 0.710703
-0.551917 -0.263619 0.791134
-0.769745 -0.227241 0.596535
-0.646578 -0.513375 0.564254
-0.919095 -0.0925047 0.383023
-0.855081 0.177481 0.487173
-0.739589 0.452324 0.498409
-0.994964 0 0.100231
-0.937963 0.27165 0.215481
0.976527 -0.137228 0.166025
-0.614785 0.700376 0.362647
-0.812317 0.54443 0.209133
0.913698 -0.40337 0.0494888
-0.474295 0.867718 0.148692
0.689985 -0.723823 0
0.865843 -0.299551 0.400731
0.781282 -0.568613 0.257444
0.676056 -0.499685 0.541538
0.43227 -0.532394 0.727804
0.199237 -0.422641 0.884126
-0.0991902 -0.492908 0.864409
-0.380651 -0.515685 0.767577
-0.412099 -0.722821 0.554711
-0.246214 -0.893346 0.375914
-0.140967 -0.72382 0.675435
0.160573 -0.681291 0.714184
0.032906 -0.873128 0.48638
0.0997764 -0.9747 0.200013
0.395738 -0.907411 0.141411
0.325185 -0.804829 0.496492
0.566035 -0.754341 0.332527
