0.835429 0.549222 0.0203324
0.969371 0.164601 0.182282
-0.946933 -0.204972 0.247596
-0.734945 -0.545902 0.402302
-0.545532 -0.826677 0.13784
0.56741 0.76732 0.298773
0.776866 0.426933 0.462826
0.826544 0.010177 0.562781
-0.978283 0.189841 0.0832067
0.878907 -0.36339 0.308981
-0.802005 0.594204 0.0608998
-0.816363 0.379516 0.435338
-0.791532 -0.0304824 0.610367
-0.552108 -0.360745 0.751692
-0.366677 -0.76107 0.53509
-0.450643 0.04938 0.891338
-0.505657 0.453566 0.733886
-0.553322 0.728495 0.403894
-0.172245 -0.278699 0.944806
0 -0.645454 0.763799
0.03298 -0.912025 0.408806
-0.15033 -0.988582 0.0103229
-0.262866 0.951056 0.16246
0.517544 -0.837403 0.175796
0.390442 -0.715804 0.578947
0.642232 -0.364721 0.674179
0.270627 -0.325929 0.905832
0.538168 0.225309 0.812164
0.155411 0.0833631 0.984326
-0.111464 0.413972 0.90344
0.280547 0.593773 0.75414
-0.187432 0.749786 0.634579
0.164123 0.889734 0.425955
