-0.850651 -0.525731 0
0.979426 0.151549 0.133256
-0.933435 -0.224739 0.279629
-0.713409 -0.570944 0.406288
-0.559649 -0.821534 0.108973
0.630944 0.714049 0.303387
0.807702 0.363003 0.464593
0.489468 0.558356 0.66982
0.265438 0.845972 0.462466
0.200046 0.977844 0.0616677
-0.246214 -0.893346 0.375914
-0.386056 -0.624652 0.678801
-0.653955 -0.279357 0.703066
-0.832121 0.0792333 0.548905
-0.972437 0.1789 0.149539
-0.524065 0.102577 0.845478
-0.293733 -0.279677 0.914058
0.0203334 -0.730779 0.682311
0.165615 -0.936027 0.310525
-0.215449 0.970015 0.112485
-0.151959 0.848387 0.507097
0.0811419 0.62024 0.780204
-0.300572 0.458345 0.836407
-0.649612 0.457792 0.606985
-0.526633 0.785317 0.325477
-0.816793 0.568162 0.100201
0.547978 -0.830634 0.0988323
-0.13107 0.100061 0.986311
0.249782 0.264261 0.931544
0.122476 -0.231615 0.965067
0.615961 0.124373 0.777897
0.421773 -0.710458 0.563344
0.496492 -0.325185 0.804829
0.776288 -0.54075 0.323985
0.867079 -0.0599265 0.494553
