-0.885053 -0.460811 0.0658317
-0.962003 0.264825 0.0664684
-0.974602 -0.102416 0.199152
0.674709 0.729676 0.111089
0.714752 0.41148 0.56552
-0.74083 -0.52158 0.423231
0.926741 0.267028 0.264286
0.529135 -0.172532 0.830812
0.0617733 0.400202 0.914343
0.161006 -0.394136 0.904839
0.946488 -0.122519 0.298581
0.78214 0.0406044 0.621778
0.747508 -0.349218 0.565047
0.436799 0.35532 0.826411
-0.156089 0.830267 0.535063
0.510799 0.726198 0.46013
-0.273707 0.55474 0.785715
0.180877 0.910759 0.371216
-0.356133 0.908143 0.220102
0.204615 0.6921 0.692192
-0.512884 0.696158 0.502309
-0.594391 0.358337 0.719927
-0.57241 -0.0203244 0.819715
0.226892 0.0333095 0.97335
-0.814547 -0.167661 0.55534
-0.278957 0.199015 0.939455
-0.127122 -0.149664 0.980531
-0.858683 0.207156 0.468776
-0.790112 0.545109 0.280319
-0.553372 -0.38673 0.737712
-0.205591 -0.499475 0.84158
-0.164675 -0.917743 0.361428
0.447305 -0.556613 0.700072
0.0667839 -0.997554 0.0206286
-0.546773 -0.800712 0.244744
0.0506507 -0.739613 0.671124
0.230237 -0.901451 0.366576
0.317544 0.948187 0.0103365
0.573635 -0.728138 0.375178
-0.400082 -0.703379 0.58753
0.840031 -0.49986 0.210922
0.645454 -0.763799 0
