-0.84577 -0.532883 0.0266209
0.969143 0.196051 0.149417
-0.962455 -0.142705 0.230901
-0.772575 -0.48624 0.408286
0.80571 0.45702 0.37678
0.621806 0.754919 0.208456
-0.546773 -0.800712 0.244744
0.316868 0.945748 0.0718017
0.313409 0.840916 0.441176
0.520528 0.575431 0.630816
-0.0333048 0.964909 0.260463
-0.0202925 0.786271 0.617549
0.186058 0.529014 0.827965
-0.35532 0.826411 0.436799
-0.356867 0.577422 0.734322
-0.1228 0.332342 0.93513
0.462466 0.265438 0.845972
0.761234 0.169628 0.625899
0.134691 0.0500469 0.989623
0.568162 -0.100201 0.816793
0.911483 -0.102062 0.398474
0.71454 -0.382627 0.585687
0.261232 -0.310659 0.91392
0.986062 -0.165541 0.0166668
0.856126 -0.458458 0.238463
-0.856789 0.495845 0.141601
-0.67468 0.561614 0.478954
-0.889749 0.20936 0.405605
-0.60467 0.78231 0.149549
-0.651324 0.25247 0.715567
-0.802478 -0.129279 0.582509
-0.387309 0.0495089 0.92062
-0.152636 -0.280417 0.947665
-0.528204 -0.286368 0.799371
0.59402 -0.760075 0.263489
0.300527 -0.953549 0.0206685
0.415275 -0.605051 0.679309
0.244027 -0.863857 0.440683
-0.0499845 -0.977835 0.203321
0.0406575 -0.598369 0.800188
-0.149875 -0.82044 0.551738
-0.470917 -0.628313 0.619242
