-0.200619 -0.848962 0.488892
0.970019 0.140062 0.198611
-0.919345 -0.276626 0.27979
0.7643 0.503322 0.403129
0.441328 0.881197 0.169474
-0.767889 -0.639293 0.0406258
0.800188 -0.0406575 0.598369
0.458458 -0.238463 0.856126
0.547979 0.307498 0.777923
0.168773 0.133201 0.976613
0.170263 -0.669795 0.722763
0.601479 -0.571988 0.557721
0.912504 -0.325688 0.247514
0.684758 -0.718656 0.120998
-0.969371 0.164601 0.182282
0.309844 -0.891715 0.329911
-0.363521 0.920698 0.142013
-0.766753 0.557657 0.317977
-0.752193 -0.0709865 0.655109
-0.436799 -0.35532 0.826411
-0.299556 0.0662061 0.951779
-0.585483 0.348448 0.731979
0 -0.300592 0.953753
-0.612674 -0.626469 0.481837
-0.010177 0.562781 0.826544
0.400082 0.703379 0.58753
0 0.892888 0.45028
-0.412099 0.722821 0.554711
-0.0500751 -0.997579 0.0482476
