-0.850651 -0.525731 0
0.981483 0.179596 0.0666044
0.850133 0.39047 0.353281
0.632217 0.732517 0.252431
-0.911593 -0.286117 0.295186
-0.698692 -0.626546 0.345356
-0.476995 -0.872059 0.109496
0.915898 0.0206028 0.400883
0.598496 0.534169 0.597048
0.711295 0.180084 0.679433
0.405434 0.322525 0.855337
0.481321 -0.0493738 0.875153
0.735965 -0.208867 0.643996
0.451273 -0.418038 0.788414
0.159994 -0.230861 0.959742
0.0924216 0.149541 0.984427
0.250484 0.656783 0.711262
0.278342 0.889916 0.361352
-0.0506228 0.479478 0.876093
-0.0634367 0.832063 0.551042
0.116889 0.993091 0.0103221
-0.264151 0.93605 0.232455
-0.362647 0.614785 0.700376
-0.569625 0.72167 0.393344
-0.296273 0.198871 0.93417
-0.216491 -0.182295 0.959114
-0.551042 -0.0634368 0.832063
-0.714523 -0.329502 0.617158
-0.599999 0.3158 0.735032
-0.817523 0.0406752 0.574458
-0.969094 0.0818269 0.232727
-0.809846 0.397634 0.43132
0.96692 -0.227031 0.116287
-0.833992 0.545959 0.079911
0.808508 -0.464542 0.361269
-0.574815 0.818031 0.0203418
0.548854 -0.754493 0.359861
0.246931 -0.95694 0.152612
-0.400749 -0.481669 0.779356
-0.0203506 -0.550447 0.834622
0.259046 -0.726941 0.635965
-0.0164703 -0.902772 0.429803
-0.372135 -0.769928 0.518388
