-0.850651 -0.525731 0
0.965767 0.0714762 0.249369
-0.9397 -0.132802 0.315162
-0.683945 -0.545258 0.484678
-0.490456 -0.860438 0.138204
0.561351 0.741463 0.367585
0.707408 0.320203 0.630114
-0.94197 0.320716 0.0991659
0.659405 -0.191266 0.72705
0.774399 -0.533351 0.340358
-0.658103 0.731122 0.179895
-0.754341 0.332527 0.566035
-0.631317 -0.1178 0.766526
0.132969 0.970095 0.203063
0.281857 -0.952875 0.112183
-0.270692 0.82831 0.490539
0.170013 0.648138 0.742302
-0.334538 0.45736 0.823958
-0.0985897 -0.879652 0.465287
0.368108 -0.707649 0.6031
-0.281534 -0.516924 0.808411
-0.189145 0 0.981949
0.191259 -0.342904 0.919694
0.310525 0.165615 0.936027
