-0.95191 -0.306378 0
0.80355 0.300322 0.51392
0.40337 -0.0494888 0.913698
0.224501 0.524773 0.821105
0 0.957067 0.289866
-0.613073 0.591649 0.523538
-0.39782 -0.0659757 0.915088
-0.0898328 -0.0333805 0.995397
-0.597048 -0.598496 0.534169
0 -0.946468 0.322798
0.601479 -0.571988 0.557721
0.79171 -0.308557 0.527246
-0.936608 0.349991 0.0165139
0.999402 -0.0345915 0
-0.767112 -0.324657 0.553297
-0.76732 0.298773 0.56741
0.471716 0.819222 0.326128
-0.482555 0.80878 0.336177
0 -0.99985 0.0172983
0.510043 -0.791864 0.335869
-0.5 -0.809017 0.309017
0.385051 0.262094 0.884897
0.0818269 0.232727 0.969094
-0.0899078 0.478002 0.873745
-0.281637 0.23178 0.931106
-0.503322 0.403129 0.7643
-0.0101683 0.72114 0.692714
-0.310766 0.642899 0.700075
0.159994 -0.230861 0.959742
0.418967 -0.35986 0.833647
-0.228116 -0.341088 0.911933
0.0496035 -0.510045 0.858716
0 -0.750007 0.66143
0.303387 -0.630944 0.714049
-0.295888 -0.618749 0.727737
0.855109 0.451752 0.254379
0.947665 0.152636 0.280417
0.850651 0 0.525731
0.947665 -0.152636 0.280417
0.853703 -0.44469 0.271003
0.651153 0.137784 0.746334
0.6403 -0.170933 0.748864
-0.862668 -0.433889 0.259892
-0.954052 -0.142301 0.263694
-0.826544 -0.010177 0.562781
-0.944806 0.172245 0.278699
-0.833209 0.458791 0.308665
-0.52569 -0.356472 0.772385
-0.621117 0.10777 0.776273
0.200619 0.848962 0.488892
0.263694 0.954052 0.142301
0.702046 0.69378 0.160622
-0.280417 0.947665 0.152636
-0.216754 0.848634 0.482533
-0.702046 0.69378 0.160622
0.262866 -0.951056 0.16246
0.243045 -0.838951 0.486919
0.510664 -0.859718 0.0103355
0.72382 -0.675435 0.140967
-0.243045 -0.838951 0.486919
-0.262866 -0.951056 0.16246
-0.510664 -0.859718 0.0103355
-0.72382 -0.675435 0.140967
0.412866 0.66803 0.619094
0.587785 0.425325 0.688191
0.6588 0.604016 0.448494
