0.100024 0.988463 0.11374
0.204615 -0.6921 0.692192
-0.936027 -0.310525 0.165615
0.806698 0.50387 0.308793
-0.196403 -0.889174 0.413274
-0.562781 -0.826544 0.010177
0.834115 0.0399848 0.55014
0.518388 0.372135 0.769928
0.397913 0.783878 0.476655
0.0410693 0.300366 0.952939
0.102416 -0.199152 0.974602
0.547979 -0.307498 0.777923
0.940654 -0.286156 0.182444
-0.756555 0.641321 0.127792
-0.92388 0.201189 0.32553
0.657562 -0.634393 0.406396
0.279629 -0.933435 0.224739
-0.355958 0.882791 0.306551
-0.753248 -0.160069 0.637962
-0.432108 0.147912 0.889609
-0.0706191 0.719401 0.690996
-0.598496 0.534169 0.597048
-0.350433 -0.399327 0.847192
-0.628313 -0.619242 0.470917
