-0.850651 -0.525731 0
0.991046 0 0.133523
-0.907411 -0.141411 0.395738
-0.623493 -0.610298 0.488664
-0.448335 -0.892376 0.0515918
0.573068 0.693402 0.436792
0.773334 0.207945 0.598926
-0.54592 -0.166353 0.821156
-0.141601 -0.856789 0.495845
-0.0805898 -0.462906 0.882736
0.438088 -0.131672 0.889237
-0.0688389 0.083388 0.994137
0.167661 0.55534 0.814547
0.371309 -0.684798 0.627041
0.791864 -0.335869 0.510043
-0.476655 0.397913 0.783878
-0.86701 0.403661 0.292149
0.684758 -0.718656 0.120998
0.199641 -0.976427 0.0820588
0.0659757 0.915088 0.39782
-0.471276 0.790536 0.391091
