-0.850651 -0.525731 0
0.945745 0.26878 0.182547
-0.957124 -0.248152 0.149449
-0.813172 -0.479279 0.330215
-0.658103 -0.731122 0.179895
0.649842 0.745028 0.150462
0.783452 0.516122 0.346153
0.53991 0.706451 0.457628
0.371288 0.895123 0.24678
-0.399607 -0.912982 0.0823236
0.225309 0.812164 0.538168
0.0497061 0.9561 0.288796
-0.0833784 -0.995185 0.0515307
-0.106494 0.82711 0.551859
-0.27979 0.919345 0.276626
0.249702 -0.966973 0.0511141
-0.423231 0.74083 0.52158
0.0507852 0.633139 0.772371
-0.272661 0.581005 0.76687
0.375178 0.573635 0.728138
0.657246 0.411078 0.631698
0.855081 0.177481 0.487173
0.657835 0.101072 0.746349
0.394429 0.277175 0.876128
0.0617238 0.3339 0.940585
0.40337 -0.0494888 0.913698
0.0863882 0 0.996262
-0.276626 0.27979 0.919345
-0.237155 -0.049948 0.970187
-0.545902 0.402302 0.734945
-0.529397 0.0861776 0.843986
-0.86199 -0.187894 0.470817
-0.778569 0.100826 0.619406
-0.653878 -0.208302 0.727361
-0.614787 -0.527461 0.586364
-0.38159 -0.338658 0.860058
-0.448074 -0.780985 0.435077
-0.147941 -0.917886 0.368238
-0.320203 -0.630114 0.707408
-0.0617238 -0.3339 0.940585
-0.0203335 -0.76838 0.639671
0.180877 -0.910759 0.371216
0.272133 -0.356294 0.893867
0.276969 -0.644192 0.712955
0.617139 -0.238352 0.749885
0.840178 -0.156434 0.519258
0.581952 -0.54065 0.607478
0.481669 -0.779356 0.400749
0.970505 -0.0614236 0.233124
0.80571 -0.45702 0.37678
-0.99184 0.0790967 0.0999844
0.929336 -0.359903 0.0824854
-0.893867 0.272133 0.356294
-0.698007 0.537883 0.472724
-0.821156 0.54592 0.166353
0.734383 -0.665958 0.131075
-0.586051 0.780587 0.217322
