0.864574 0.501427 0.0329071
0.978805 0.119915 0.166015
-0.946933 -0.204972 0.247596
0.761945 0.462267 0.453597
0.583686 0.804543 0.109641
-0.721652 -0.601826 0.342087
0.834115 0.0399848 0.55014
0.532883 0.0266209 0.84577
0.470402 0.438625 0.765722
0.144411 0.149665 0.978134
0.243935 -0.310651 0.91869
0.6031 -0.368108 0.707649
0.919345 -0.276626 0.27979
-0.827781 0.560959 0.0101677
-0.949405 0.212293 0.231436
0.682836 -0.619408 0.387387
0.492908 -0.864409 0.0991902
-0.670298 0.627 0.396953
-0.8182 0 0.574934
-0.521105 -0.0164517 0.853334
-0.251736 0.295269 0.921654
-0.626546 0.345356 0.698692
-0.144411 -0.149665 0.978134
-0.642232 -0.364721 0.674179
0.0596036 0.54962 0.833286
0.418485 0.76112 0.495547
-0.0101677 0.843166 0.537557
-0.351136 0.652147 0.671869
0.198337 0.961188 0.19178
-0.355958 0.882791 0.306551
-0.0988323 -0.547978 0.830634
0.308447 -0.667033 0.67818
-0.0328985 -0.855761 0.516324
0.0667137 -0.98956 0.127752
-0.341088 -0.911933 0.228116
-0.409584 -0.690735 0.595924
