-0.835429 -0.549222 0.0203324
0.836201 0.273236 0.475511
0.532883 -0.0266209 0.84577
0.254286 0.478242 0.840609
0 0.850651 0.525731
-0.623409 0.574926 0.529926
-0.525731 0 0.850651
0 -0.0667981 0.997767
-0.652746 -0.523467 0.547636
-0.0203335 -0.76838 0.639671
0.482427 -0.546783 0.684319
0.80355 -0.300322 0.51392
0.843166 -0.537557 0.0101677
-0.999807 -0.010322 0.0167014
-0.818713 -0.27144 0.505993
-0.814022 0.290285 0.503093
0.5 0.809017 0.309017
-0.5 0.809017 0.309017
0 -0.998654 0.0518743
0.468245 -0.813619 0.344632
-0.482555 -0.80878 0.336177
0.42501 0.244164 0.871637
0.112161 0.24837 0.96215
0.273266 0 0.961938
-0.0501471 0.562125 0.825531
-0.191613 0.310037 0.931215
-0.43352 0.422669 0.795871
-0.266908 0.0166551 0.963578
0.177782 0.702869 0.688745
-0.298776 0.679268 0.67032
0.0412757 -0.367605 0.929066
0.337334 -0.294368 0.894177
-0.242142 -0.279764 0.929031
-0.167661 -0.55534 0.814547
-0.393711 -0.693058 0.603872
0.178553 -0.590346 0.787154
-0.452829 -0.443437 0.773505
0.871637 0.42501 0.244164
0.959743 0.13242 0.247706
0.842771 -0.010177 0.538175
0.941221 -0.162389 0.296197
0.844463 -0.455349 0.282027
0.960034 -0.277908 0.0331819
0.69378 0.160622 0.702046
0.613767 -0.282369 0.737264
-0.877768 -0.401461 0.261444
-0.946488 -0.122519 0.298581
-0.957067 -0.289866 0
-0.809565 0.010177 0.586941
-0.951056 0.16246 0.262866
-0.862668 0.433889 0.259892
-0.648117 -0.225306 0.727449
-0.648117 0.225306 0.727449
0.259892 0.862668 0.433889
0.280417 0.947665 0.152636
0 0.966521 0.256586
0.715559 0.668819 0.201635
-0.263694 0.954052 0.142301
-0.259892 0.862668 0.433889
-0.715559 0.668819 0.201635
0.0824863 -0.916204 0.392129
0.280417 -0.947665 0.152636
0.284746 -0.769446 0.571727
-0.510664 0.859718 0.0103355
0.679433 -0.711295 0.180084
-0.212255 -0.873409 0.438297
-0.280417 -0.947665 0.152636
-0.550447 -0.834622 0.0203506
-0.715118 -0.645066 0.269251
0.443388 0.683971 0.579301
0.571788 0.431311 0.697875
0.68887 0.554337 0.467086
0.6588 -0.604016 0.448494
