-0.850651 -0.525731 0
0.97335 0.226892 0.0333095
0.874225 0.38728 0.292822
0.715567 0.651324 0.25247
-0.644939 -0.763152 0.0406589
-0.747877 -0.5977 0.28885
-0.910555 -0.318232 0.263854
-0.513415 -0.797321 0.317308
-0.754827 -0.38855 0.528455
-0.546902 -0.61765 0.56516
-0.286368 -0.799371 0.528204
-0.248001 -0.938599 0.239847
0.383988 0.921898 0.051542
0.45736 0.823958 0.334538
0.681957 0.509556 0.524678
0.419176 0.678241 0.603556
0.184424 0.849034 0.495105
0.116307 0.970736 0.210106
0.0166935 -0.996695 0.0795026
0.0330143 -0.919041 0.392778
0 -0.750007 0.66143
-0.263489 -0.59402 0.760075
-0.501486 -0.377449 0.778488
-0.115373 0.903643 0.412455
-0.247706 0.959743 0.13242
0.295021 -0.930534 0.216955
0.296929 -0.788833 0.538123
0.140487 0.639533 0.755818
-0.157592 0.725274 0.67018
-0.397913 0.783878 0.476655
-0.529014 0.827965 0.186058
0.57114 -0.812169 0.119078
0.577507 -0.700719 0.418903
0.421947 -0.549097 0.721424
0.0496035 -0.510045 0.858716
-0.201189 -0.32553 0.92388
-0.686707 -0.130852 0.71506
-0.424051 -0.0824101 0.901881
-0.882736 -0.0805898 0.462906
-0.976427 0.0820588 0.199641
-0.589252 0.163896 0.791151
-0.814815 0.215489 0.538182
-0.619551 0.442176 0.648565
-0.670298 0.627 0.396953
-0.346117 0.493236 0.798073
-0.278957 0.199015 0.939455
-0.0515406 0.416536 0.907657
-0.0655594 -0.0500887 0.996591
-0.86701 0.403661 0.292149
-0.764743 0.636343 0.101176
0.782406 -0.587448 0.206749
0.923933 -0.382197 0.0165105
0.989162 -0.089324 0.116532
0.889024 -0.322216 0.32529
0.919095 0.0925047 0.383023
0.693402 -0.436792 0.573068
0.809978 -0.138717 0.569818
0.743751 0.218339 0.631794
0.503322 0.403129 0.7643
0.243935 0.310651 0.91869
0.540709 0.0963503 0.835674
0.581458 -0.223675 0.782225
0.256586 0 0.966521
0.295675 -0.310458 0.903433
