-0.892927 -0.445365 0.0658169
0.977844 -0.0616677 0.200046
-0.98606 -0.072033 0.14999
-0.644291 -0.762348 0.0609492
0.748779 0.604412 0.272059
-0.715804 -0.578947 0.390442
0.893867 0.272133 0.356294
0.528052 0.0430772 0.848119
0.196051 0.149417 0.969143
0.284189 -0.264227 0.92164
0.800836 0 0.598884
0.679151 0.36052 0.639358
0.599999 -0.3158 0.735032
0.352984 0.453804 0.818208
0.147414 0.79017 0.594895
0.418195 0.876676 0.237806
0 0.550561 0.834795
0.0498366 0.961174 0.271405
-0.458345 0.836407 0.300572
0.496441 0.669612 0.552418
-0.223675 0.782225 0.581458
-0.36447 0.489569 0.792139
-0.408806 -0.03298 0.912025
-0.0617124 -0.133269 0.989157
-0.855059 -0.226372 0.466509
-0.159994 0.230861 0.959742
-0.148692 -0.474295 0.867718
-0.881197 0.169474 0.441328
-0.652746 0.523467 0.547636
-0.606979 -0.299138 0.73627
-0.429035 -0.627308 0.649933
0.131655 -0.924305 0.358229
0.591696 -0.624242 0.510115
-0.217097 0.976095 0.0103229
-0.414165 -0.843349 0.342388
0.261919 -0.619543 0.739977
0.483108 -0.848498 0.216004
-0.149623 -0.982629 0.109784
0.770441 -0.615107 0.167523
-0.0810551 -0.766069 0.637627
0.839257 -0.334242 0.42887
-0.75006 0.628968 0.204473
-0.947061 0.310213 0.0827196
-0.644334 0.1979 0.738694
