-0.850651 -0.525731 0
0.967045 0.240637 0.0831686
-0.933987 -0.257148 0.24808
-0.777923 -0.547979 0.307498
-0.643253 -0.761345 0.0811072
0.692391 0.686639 0.221635
0.848293 0.423388 0.318029
0.917404 0.112226 0.381806
0.74721 0.271326 0.606679
0.611522 0.555073 0.563858
0.456698 0.794935 0.399381
0.398474 0.911483 0.102062
0.132406 0.942402 0.30716
0.196705 0.792391 0.577428
0.349218 0.565047 0.747508
0.500892 0.281541 0.818438
0.639803 0 0.768539
0.817207 -0.148095 0.556993
0.344485 0.0330362 0.93821
0.191259 0.342904 0.919694
0.0203064 0.622163 0.782624
-0.108758 0.85494 0.507198
-0.310766 0.642899 0.700075
0.451752 -0.254379 0.855109
0.672013 -0.433177 0.60063
-0.189919 0.407588 0.893198
-0.0411561 0.13341 0.990206
0.0924216 -0.149541 0.984427
-0.198623 0.95746 0.209329
-0.116889 -0.993091 0.0103221
-0.388404 -0.894994 0.219381
-0.527794 -0.72031 0.450096
-0.422669 0.795871 0.43352
-0.0825026 -0.941297 0.327344
-0.240593 -0.781883 0.575129
0.182302 -0.976766 0.112669
-0.491777 0.86259 0.11872
0.228338 -0.880251 0.415958
0.468776 -0.858683 0.207156
0.535005 -0.698541 0.475195
0.403894 -0.553322 0.728495
0.140967 -0.72382 0.675435
0.149838 -0.442991 0.883916
-0.129279 -0.582509 0.802478
-0.429454 -0.561193 0.707553
-0.199492 -0.29477 0.934512
-0.339123 0 0.940742
-0.507872 -0.264871 0.819701
-0.686417 -0.426149 0.589261
-0.486437 0.314544 0.815133
-0.628515 0.0304597 0.777201
-0.809978 -0.138717 0.569818
-0.598496 0.534169 0.597048
-0.772646 0.255549 0.58113
-0.935052 0.0515946 0.350737
-0.997915 0.0552311 0.0333925
0.947759 -0.180051 0.263314
0.787296 -0.530962 0.313441
0.730779 -0.682311 0.0203334
0.912025 -0.408806 0.03298
-0.881166 0.370738 0.293428
-0.690418 0.655589 0.305819
