-0.850651 -0.525731 0
0.843911 0.375039 0.383614
0.989623 0.134691 0.0500469
0.908436 -0.0309383 0.416877
-0.891834 -0.297289 0.340955
-0.664772 -0.664361 0.341617
0.562543 0.826205 0.0305178
0.573068 0.693402 0.436792
0.68471 0.150817 0.71304
0.41866 0.477439 0.772513
0.337778 0.0989293 0.936012
0.548445 -0.236109 0.80216
0.766941 -0.40881 0.494647
0.94762 -0.303549 0.0993701
-0.952875 0.112183 0.281857
-0.82069 0.514686 0.248125
0.725274 -0.67018 0.157592
0.440091 -0.61176 0.65732
0.161006 -0.394136 0.904839
0.385906 -0.869725 0.307659
0.0672695 -0.812997 0.578369
-0.307734 -0.86495 0.396435
0.0166668 -0.986062 0.165541
0.198337 0.961188 0.19178
0.196705 0.792391 0.577428
-0.254248 -0.606851 0.753054
-0.619094 -0.412866 0.66803
-0.773017 -0.0304831 0.633653
-0.247162 -0.231772 0.940847
-0.469132 0.131398 0.873298
-0.072033 0.14999 0.98606
0.010177 0.538175 0.842771
-0.678801 0.386056 0.624652
-0.351136 0.652147 0.671869
-0.164198 0.904255 0.39416
-0.529014 0.827965 0.186058
