-0.850651 -0.525731 0
0.969371 0.164601 0.182282
0.780648 0.468849 0.413243
-0.950644 -0.187448 0.247265
-0.743961 -0.529322 0.407849
-0.569818 -0.809978 0.138717
0.541294 0.791898 0.282664
-0.981218 0.186315 0.0499721
-0.761234 -0.169628 0.625899
-0.861255 0.236644 0.449711
-0.593507 0.190388 0.781986
-0.419673 -0.180293 0.889589
-0.436792 -0.573068 0.693402
-0.259892 -0.862668 0.433889
-0.200496 -0.979477 0.0206298
0.148011 0.904308 0.4004
0.38368 0.648818 0.657134
-0.0504999 0.699806 0.712546
-0.220102 0.356133 0.908143
-0.468515 0.591084 0.656592
-0.277175 0.876128 0.394429
-0.724422 0.61606 0.309328
0.200715 0.358204 0.911813
-0.04492 -0.0166995 0.998851
0.5977 0.28885 0.747877
0.376803 -0.0330226 0.925705
-0.0815068 -0.43151 0.898418
0.834795 0 0.550561
0.0809591 -0.747667 0.65912
0.342848 -0.442867 0.828447
0.13257 -0.947822 0.289929
-0.448875 0.893535 0.0103356
0.82711 -0.551859 0.106494
0.463653 -0.750207 0.471397
