0.94055 0.333169 0.0660587
0.56178 0.574554 0.595223
-0.950644 -0.187448 0.247265
-0.800831 -0.578807 0.153791
0.808508 0.464542 0.361269
-0.639051 -0.602914 0.477607
0.922944 0.122354 0.364972
0.327637 -0.165399 0.930213
0.364213 0.197527 0.910127
-0.0103365 -0.351222 0.936235
0.617167 -0.0405766 0.785785
0.732517 0.252431 0.632217
0.578625 -0.568289 0.585014
0.272692 0.530606 0.802556
-0.197001 0.90341 0.380843
0.659941 0.733998 0.160388
0 0.730931 0.682452
0.346431 0.925663 0.1521
-0.367185 0.928088 0.0618653
0.298111 0.816906 0.493756
-0.345356 0.698692 0.626546
-0.342388 0.414165 0.843349
-0.524065 0.102577 0.845478
0.0345915 0 0.999402
-0.797844 -0.291536 0.527686
-0.0103365 0.351222 0.936235
-0.289929 -0.13257 0.947822
-0.789917 0.0710561 0.609083
-0.649448 0.399769 0.64684
-0.575129 -0.240593 0.781883
-0.326128 -0.471716 0.819222
-0.032906 -0.873128 0.48638
0.290285 -0.503093 0.814022
0 0.994618 0.103609
-0.530835 -0.830912 0.166729
-0.0305195 -0.656519 0.753692
0.215468 -0.942792 0.254397
-0.198337 -0.961188 0.19178
0.284746 -0.769446 0.571727
-0.332167 -0.733614 0.592854
0.76687 -0.272661 0.581005
-0.902772 0.429803 0.0164703
-0.997924 0.0621965 0.016699
-0.774399 0.533351 0.340358
-0.52318 0.779714 0.343989
0.527246 -0.79171 0.308557
0.933435 -0.224739 0.279629
-0.923168 0.226551 0.31054
-0.667917 0.743958 0.0203427
0.779298 -0.555031 0.290921
