0.835429 0.549222 0.0203324
0.822564 0.361252 0.439187
0.560959 0.0101677 0.827781
0.605133 0.544736 0.580582
-0.0101677 0.811716 0.583964
-0.534169 0.597048 0.598496
-0.528052 0.0430772 0.848119
0.0482476 0.0500751 0.997579
-0.595223 -0.56178 0.574554
-0.100201 -0.816793 0.568162
0.575431 -0.630816 0.520528
0.794935 -0.399381 0.456698
0.678783 -0.733704 0.0305194
-0.998851 0.04492 0.0166995
-0.80878 -0.336177 0.482555
-0.780985 0.435077 0.448074
0.483108 0.848498 0.216004
-0.429312 0.895036 0.120834
0.100118 0.994121 0.0412254
0.212368 -0.881095 0.422578
-0.407498 -0.799398 0.441484
0.391091 0.471276 0.790536
0.306269 0.215173 0.927308
0.303549 -0.0993701 0.94762
0.0900692 0.584742 0.806204
-0.0720075 0.350426 0.933818
-0.382812 0.368502 0.847149
-0.2514 0.0997129 0.962733
0.3158 0.735032 0.599999
-0.235423 0.632107 0.738253
0.142013 -0.363521 0.920698
0.431551 -0.396824 0.81012
-0.159994 -0.230861 0.959742
-0.010177 -0.610624 0.791855
-0.320203 -0.630114 0.707408
0.281913 -0.679996 0.676853
-0.444267 -0.339873 0.828923
0.713513 0.631866 0.302729
0.952875 0.112183 0.281857
0.826544 0.010177 0.562781
0.946933 -0.204972 0.247596
0.848838 -0.501176 0.168216
-0.839101 0.52407 0.145808
0.674872 0.255505 0.692289
0.680858 -0.238631 0.692451
-0.75821 -0.581356 0.2952
-0.950468 -0.132444 0.281192
0.963578 0.266908 0.0166551
-0.849175 0.0588708 0.524819
-0.93605 0.232455 0.264151
-0.630944 0.714049 0.303387
-0.69378 -0.160622 0.702046
-0.668671 0.272308 0.691901
0.197989 0.916552 0.347466
-0.363521 -0.920698 0.142013
-0.116133 0.953113 0.279445
-0.632369 -0.771402 0.0710571
0.215449 -0.970015 0.112485
-0.350624 0.818838 0.454496
0.478242 -0.840609 0.254286
-0.0663481 -0.957048 0.282237
