-0.850651 -0.525731 0
0.825267 0.281821 0.489399
0.525731 0 0.850651
0.281821 0.489399 0.825267
0 0.850651 0.525731
-0.335869 0.510043 0.791864
-0.525731 0 0.850651
0 0 1
-0.281821 -0.489399 0.825267
0 -0.850651 0.525731
0.281821 -0.489399 0.825267
0.791864 -0.335869 0.510043
0.850651 -0.525731 0
1 0 0
-0.825267 -0.281821 0.489399
-0.809017 0.309017 0.5
0.489399 0.825267 0.281821
-0.489399 0.825267 0.281821
0 -1 0
0.510043 -0.791864 0.335869
-0.510043 -0.791864 0.335869
0.433889 0.259892 0.862668
0.142301 0.263694 0.954052
0.273266 0 0.961938
0 0.525731 0.850651
-0.152636 0.280417 0.947665
-0.433889 0.259892 0.862668
-0.273266 0 0.961938
0.160622 0.702046 0.69378
-0.160622 0.702046 0.69378
0.142301 -0.263694 0.954052
0.433889 -0.259892 0.862668
-0.16246 -0.262866 0.951056
0 -0.525731 0.850651
-0.160622 -0.702046 0.69378
0.160622 -0.702046 0.69378
-0.433889 -0.259892 0.862668
0.862668 0.433889 0.259892
0.954052 0.142301 0.263694
0.850651 0 0.525731
0.947665 -0.152636 0.280417
0.862668 -0.433889 0.259892
0.961938 -0.273266 0
0.69378 0.160622 0.702046
0.69378 -0.160622 0.702046
-0.862668 -0.433889 0.259892
-0.954052 -0.142301 0.263694
-0.961938 -0.273266 0
-0.850651 0 0.525731
-0.947665 0.152636 0.280417
-0.862668 0.433889 0.259892
-0.69378 -0.160622 0.702046
-0.69378 0.160622 0.702046
0.259892 0.862668 0.433889
0.263694 0.954052 0.142301
0 0.961938 0.273266
0.702046 0.69378 0.160622
-0.263694 0.954052 0.142301
-0.259892 0.862668 0.433889
-0.702046 0.69378 0.160622
0 -0.961938 0.273266
0.280417 -0.947665 0.152636
0.259892 -0.862668 0.433889
0.525731 -0.850651 0
0.702046 -0.69378 0.160622
-0.259892 -0.862668 0.433889
-0.280417 -0.947665 0.152636
-0.525731 -0.850651 0
-0.702046 -0.69378 0.160622
0.454978 0.669276 0.587422
0.587785 0.425325 0.688191
0.688191 0.587785 0.425325
0.587785 -0.425325 0.688191
0.437001 -0.673636 0.596025
0.688191 -0.587785 0.425325
-0.596025 0.437001 0.673636
-0.443388 0.683971 0.579301
-0.688191 0.587785 0.425325
-0.587785 -0.425325 0.688191
-0.683971 -0.579301 0.443388
-0.437001 -0.673636 0.596025
