-0.850651 -0.525731 0
0.990836 0.0205824 0.133495
-0.907411 -0.141411 0.395738
-0.623493 -0.610298 0.488664
-0.448335 -0.892376 0.0515918
0.573068 0.693402 0.436792
0.773334 0.207945 0.598926
-0.556589 -0.176527 0.811817
-0.141601 -0.856789 0.495845
-0.100192 -0.461983 0.881211
0.453679 -0.131555 0.881402
-0.0412484 0.0667413 0.996917
0.233445 0.511205 0.827147
0.367467 -0.650587 0.664608
0.791864 -0.335869 0.510043
-0.464542 0.361269 0.808508
-0.894658 0.383186 0.229687
0.682882 -0.716793 0.140998
0.199641 -0.976427 0.0820588
0.0658317 0.885053 0.460811
-0.520019 0.741216 0.424476
