-0.850651 -0.525731 0
0.825267 0.281821 0.489399
0.525731 0 0.850651
0.281821 0.489399 0.825267
0 0.850651 0.525731
-0.482427 0.546783 0.684319
-0.532883 -0.0266209 0.84577
0 0 1
-0.639079 -0.56766 0.51898
0 -0.850651 0.525731
0.281821 -0.489399 0.825267
0.791864 -0.335869 0.510043
0.850651 -0.525731 0
1 0 0
-0.818713 -0.27144 0.505993
-0.809017 0.309017 0.5
0.489399 0.825267 0.281821
-0.489399 0.825267 0.281821
0 -1 0
0.510043 -0.791864 0.335869
-0.5 -0.809017 0.309017
0.433889 0.259892 0.862668
0.142301 0.263694 0.954052
0.273266 0 0.961938
-0.0196337 0.52563 0.850487
-0.152636 0.280417 0.947665
-0.430613 0.302444 0.850353
-0.277908 0.0331819 0.960034
0.160622 0.702046 0.69378
-0.221635 0.692391 0.686639
0.142301 -0.263694 0.954052
0.433889 -0.259892 0.862668
-0.16246 -0.262866 0.951056
-0.0392598 -0.525326 0.849995
-0.24829 -0.68071 0.689192
0.160622 -0.702046 0.69378
-0.379516 -0.435338 0.816363
0.862668 0.433889 0.259892
0.954052 0.142301 0.263694
0.850651 0 0.525731
0.947665 -0.152636 0.280417
0.862668 -0.433889 0.259892
0.961938 -0.273266 0
0.69378 0.160622 0.702046
0.69378 -0.160622 0.702046
-0.870358 -0.417742 0.26071
-0.954052 -0.142301 0.263694
-0.961938 -0.273266 0
-0.850487 0.0196337 0.52563
-0.947665 0.152636 0.280417
-0.836557 0.47304 0.276416
-0.622922 -0.292598 0.725503
-0.674215 0.184558 0.715103
0.259892 0.862668 0.433889
0.263694 0.954052 0.142301
0 0.961938 0.273266
0.702046 0.69378 0.160622
-0.263694 0.954052 0.142301
-0.259892 0.862668 0.433889
-0.702046 0.69378 0.160622
0 -0.961938 0.273266
0.280417 -0.947665 0.152636
0.259892 -0.862668 0.433889
0.525731 -0.850651 0
0.702046 -0.69378 0.160622
-0.259892 -0.862668 0.433889
-0.262866 -0.951056 0.16246
-0.510664 -0.859718 0.0103355
-0.715559 -0.668819 0.201635
0.454978 0.669276 0.587422
0.587785 0.425325 0.688191
0.688191 0.587785 0.425325
0.587785 -0.425325 0.688191
0.437001 -0.673636 0.596025
0.688191 -0.587785 0.425325
-0.648565 0.619551 0.442176
