-0.850651 -0.525731 0
0.944433 0.26155 0.199094
-0.961495 -0.230622 0.149467
0.774399 0.533351 0.340358
0.629033 0.766347 0.1305
-0.810963 -0.471978 0.345798
-0.631794 -0.743751 0.218339
0.997579 -0.0482476 0.0500751
0.817187 0.243634 0.522349
0.919095 -0.0925047 0.383023
0.733128 -0.0506787 0.6782
0.575129 0.240593 0.781883
0.56516 0.546902 0.61765
0.427135 0.803016 0.415597
0.33352 0.93916 0.0821198
0.115316 0.930348 0.348074
0.170933 0.748864 0.6403
0.292081 0.472596 0.83147
0.282971 0.14928 0.94744
0.463252 -0.14766 0.873839
0.634705 -0.380913 0.67235
0.820554 -0.421509 0.386032
0.92062 -0.387309 0.0495089
-0.947759 0.180051 0.263314
-0.881211 -0.100192 0.461983
-0.819701 0.507872 0.264871
0.735916 -0.660765 0.147705
0.57994 -0.67127 0.461591
-0.785715 0.273707 0.55474
-0.615456 0.771841 0.159613
0.457934 -0.87463 0.159117
-0.313584 0.93724 0.152465
0 0.99985 0.0172983
-0.206416 0.857383 0.471472
-0.585972 0.648494 0.485894
-0.150462 0.649842 0.745028
-0.45399 0.46843 0.757935
-0.0206686 0.367868 0.929648
-0.310659 -0.91392 0.261232
0.149123 -0.942119 0.300289
0.267971 -0.770411 0.578496
0.335869 -0.510043 0.791864
-0.079911 -0.833992 0.545959
-0.448259 -0.725299 0.522499
0 -0.598884 0.800836
0.142301 -0.263694 0.954052
-0.0552311 0.0333925 0.997915
-0.3545 0.181365 0.917298
-0.639293 0.0406258 0.767889
-0.693297 -0.327512 0.641931
-0.39416 -0.164198 0.904255
-0.346117 -0.493236 0.798073
