-0.850651 -0.525731 0
0 0 1
0.525731 -0.850651 0
0.79445 -0.187942 0.577518
-0.79445 0.187942 0.577518
0.180328 0.791892 0.583429
-0.180328 -0.791892 0.583429
-0.367947 -0.929847 0
0.928448 -0.371461 0
0.686417 0.426149 0.589261
-0.686417 -0.426149 0.589261
0.425325 -0.688191 0.587785
-0.425325 0.688191 0.587785
0.976427 0.0820588 0.199641
-0.394429 0.277175 0.876128
0.394429 -0.277175 0.876128
0.265155 0.401033 0.87685
-0.265155 -0.401033 0.87685
-0.0832144 0.974831 0.206834
-0.947665 -0.152636 0.280417
0.14928 -0.94744 0.282972
0.592683 0.741534 0.314413
-0.592683 -0.741534 0.314413
0.753635 -0.559719 0.344599
-0.753635 0.559719 0.344599
0.568162 0.100201 0.816793
-0.568162 -0.100201 0.816793
-0.0995276 0.572302 0.813981
0.0995276 -0.572302 0.813981
-0.385906 0.869725 0.307659
0.850475 0.147348 0.504956
-0.941319 0.189803 0.279094
-0.182444 -0.940654 0.286156
0.857555 0.412735 0.307
-0.135473 0.847682 0.512916
0.264083 0.916244 0.301259
0.433177 0.60063 0.672013
-0.433177 -0.60063 0.672013
-0.802478 -0.129279 0.582509
0.619551 -0.442176 0.648565
-0.619551 0.442176 0.648565
-0.833209 -0.458791 0.308665
0.921654 -0.251736 0.295269
-0.767889 0.639293 0.0406258
0.443956 -0.841094 0.308973
-0.645454 -0.763799 0
0.137243 -0.799775 0.584401
-0.0614529 0.30008 0.951932
0.0614529 -0.30008 0.951932
0.292953 0.082876 0.952528
-0.292953 -0.082876 0.952528
0.266349 -0.963661 0.0203965
-0.963578 -0.266908 0.0166551
-0.99517 0.0967366 0.016693
-0.016699 -0.997924 0.0621965
0.508882 0.361856 0.781089
-0.508882 -0.361856 0.781089
0.615107 -0.167523 0.770441
-0.615107 0.167523 0.770441
-0.619402 0.751314 0.227747
