-0.850651 -0.525731 0
0.80355 0.300322 0.51392
0.460811 -0.0658317 0.885053
0.236644 0.449711 0.861255
0 0.850651 0.525731
-0.648565 0.619551 0.442176
-0.506262 0.0164526 0.862223
0 -0.100231 0.994964
-0.617399 -0.499488 0.607726
-0.0406258 -0.767889 0.639293
0.630816 -0.520528 0.575431
0.814022 -0.290285 0.503093
0.850651 -0.525731 0
0.999442 0 0.0334035
-0.818713 -0.27144 0.505993
-0.79171 0.308557 0.527246
0.5 0.809017 0.309017
-0.489399 0.825267 0.281821
0.0333964 -0.999229 0.0206401
0.503033 -0.747106 0.4345
-0.515515 -0.733853 0.442385
0.440683 0.244027 0.863857
0 0.266405 0.963861
0.223774 0.0832009 0.971083
-0.0588708 0.524819 0.849175
-0.332667 0.370379 0.867267
-0.499685 0.541538 0.676056
-0.240637 0.0831686 0.967045
0.170379 0.690843 0.702643
-0.238631 0.692451 0.680858
0.209104 -0.310323 0.927348
0.481926 -0.356369 0.800468
-0.142013 -0.363521 0.920698
0.0697823 -0.561522 0.824514
-0.344116 -0.640787 0.686277
0.362647 -0.614785 0.700376
-0.429237 -0.370643 0.823638
0.870358 0.417742 0.26071
0.950468 0.132444 0.281192
0.850651 0 0.525731
0.944806 -0.172245 0.278699
0.853703 -0.44469 0.271003
0.961938 -0.273266 0
0.675435 0.140967 0.72382
0.68471 -0.150817 0.71304
-0.844463 -0.455349 0.282027
-0.950468 -0.132444 0.281192
-0.961938 -0.273266 0
-0.818031 0.0203418 0.574815
-0.941221 0.162389 0.296197
-0.844463 0.455349 0.282027
-0.659405 -0.191266 0.72705
-0.604412 0.272059 0.748779
0.259892 0.862668 0.433889
0.280417 0.947665 0.152636
0.0166551 0.963578 0.266908
0.702046 0.69378 0.160622
-0.263694 0.954052 0.142301
-0.259892 0.862668 0.433889
-0.702046 0.69378 0.160622
0.0165241 -0.948172 0.317329
0.310651 -0.91869 0.243935
0.231316 -0.821428 0.521295
0.510456 -0.859381 0.0299692
0.6921 -0.692192 0.204615
-0.244027 -0.863857 0.440683
-0.246931 -0.95694 0.152612
-0.510456 -0.859381 0.0299692
-0.6921 -0.692192 0.204615
0.443388 0.683971 0.579301
0.579301 0.443388 0.683971
0.683971 0.579301 0.443388
