-0.850651 -0.525731 0
0.861222 0.426964 0.275679
0.965931 0.253935 0.0499438
-0.907953 -0.349848 0.230712
-0.748779 -0.604412 0.272059
-0.656519 -0.753692 0.0305195
0.692289 0.674872 0.255505
-0.527686 -0.797844 0.291536
0.472646 0.865026 0.168332
-0.349974 -0.932191 0.0924032
0.9397 0.132802 0.315162
0.797844 0.291536 0.527686
0.648999 0.550617 0.524996
0.458327 0.769585 0.444606
0.21536 0.93279 0.289002
0.0834918 0.996028 0.0309503
0.176527 0.811817 0.556589
0.369805 0.626368 0.686227
0.536894 0.392349 0.746865
-0.0659884 0.921919 0.381722
-0.19858 0.97237 0.122729
0.656282 0.121144 0.744727
0.834622 -0.0203506 0.550447
-0.101176 0.764743 0.636343
0.100171 0.596053 0.796672
0.264129 0.37136 0.890128
0.402375 0.0989503 0.910112
-0.335116 0.821198 0.461879
0.6403 -0.170933 0.748864
0.380843 -0.197001 0.90341
0.116967 0.133245 0.984157
-0.0618653 0.367185 0.928088
-0.254739 0.557508 0.790122
0.0821974 -0.166437 0.98262
-0.158898 0.0333282 0.986732
-0.335103 0.263541 0.904573
-0.499488 0.607725 0.617399
-0.576387 0.338457 0.743791
-0.465658 0 0.884965
-0.281637 -0.23178 0.931106
-0.701621 0.0604584 0.709981
-0.551917 -0.263619 0.791134
-0.769745 -0.227241 0.596535
-0.676056 -0.499685 0.541538
-0.919095 -0.0925047 0.383023
-0.855081 0.177481 0.487173
-0.733853 0.442385 0.515515
-0.994964 0 0.100231
-0.937963 0.27165 0.215481
0.978805 -0.119915 0.166015
-0.614785 0.700376 0.362647
-0.812317 0.54443 0.209133
0.913698 -0.40337 0.0494888
-0.474295 0.867718 0.148692
0.689985 -0.723823 0
0.875475 -0.29055 0.386165
0.781282 -0.568613 0.257444
0.693402 -0.436792 0.573068
0.470402 -0.438625 0.765722
0.18903 -0.439485 0.878135
-0.109496 -0.476995 0.872059
-0.398787 -0.511644 0.761045
-0.412099 -0.722821 0.554711
-0.246214 -0.893346 0.375914
-0.140967 -0.72382 0.675435
0.160573 -0.681291 0.714184
0.032906 -0.873128 0.48638
0.0997764 -0.9747 0.200013
0.380432 -0.915352 0.131915
0.325185 -0.804829 0.496492
0.566035 -0.754341 0.332527
