-0.811377 -0.583727 0.030491
0.954049 0.169874 0.246847
-0.912945 -0.151539 0.378902
-0.965931 0.253935 0.0499438
0.836407 -0.300572 0.458345
-0.767577 0.380651 0.515685
0.695916 0.140687 0.704207
0.654295 0.595297 0.46639
0.281821 0.489399 0.825267
0.288796 -0.0497061 0.9561
0.452324 -0.498409 0.739589
-0.152612 0.246931 0.95694
-0.172245 -0.278699 0.944806
-0.595224 -0.0203324 0.803303
-0.639079 -0.56766 0.51898
-0.174169 -0.726507 0.66472
-0.377214 -0.910172 0.171163
-0.177782 0.702869 0.688745
0.228338 0.880251 0.415958
-0.527246 0.79171 0.308557
0.690843 -0.702643 0.170379
-0.116719 0.99183 0.0514846
0.259892 -0.862668 0.433889
