-0.850651 -0.525731 0
0.973942 0.154536 0.166001
-0.944158 -0.197584 0.263677
-0.731953 -0.538265 0.417751
-0.556993 -0.817207 0.148095
0.606679 0.74721 0.271326
0.783852 0.409087 0.467145
0.842771 -0.010177 0.538175
-0.978283 0.189841 0.0832067
0.881166 -0.370738 0.293428
-0.802005 0.594204 0.0608998
-0.816363 0.379516 0.435338
-0.782786 0 0.622292
-0.559719 -0.344599 0.753635
-0.384153 -0.705627 0.595414
-0.450643 0.04938 0.891338
-0.505657 0.453566 0.733886
-0.553322 0.728495 0.403894
-0.172245 -0.278699 0.944806
0.0101776 -0.63391 0.77334
-0.0329369 -0.89724 0.440314
-0.183759 -0.982484 0.0309524
-0.233124 0.970505 0.0614236
0.540315 -0.818253 0.196267
0.400082 -0.703379 0.58753
0.642232 -0.364721 0.674179
0.270627 -0.325929 0.905832
0.537557 0.0101677 0.843166
0.127752 0.0667137 0.98956
-0.111464 0.413972 0.90344
0.478394 0.42352 0.769266
-0.1979 0.738694 0.644334
0.131749 0.8968 0.422364
