-0.8550753 -0.51772967 -0.028323493
0.98320411 0.12224399 0.13552152
-0.93340598 -0.22710203 0.27780918
-0.71180071 -0.57014271 0.41021584
-0.57010486 -0.8167763 0.088639277
0.61745874 0.71588553 0.32596413
0.81639075 0.35722479 0.45375838
0.49918421 0.52302623 0.69083912
0.23273246 0.86494466 0.4446418
0.19249241 0.98073692 0.033192878
-0.26088179 -0.88733728 0.38022788
-0.38684747 -0.61490494 0.68719789
-0.64553326 -0.27325571 0.71317468
-0.82726061 0.082422076 0.55573959
-0.96895255 0.18525887 0.16373791
-0.51556107 0.11256812 0.8494264
-0.12397608 -0.36896261 0.92113871
0.032097165 -0.70664958 0.7068353
0.16675869 -0.91849628 0.35854725
-0.23571797 0.96983673 0.062078577
-0.18866204 0.83290973 0.52025764
0.091023071 0.62764465 0.7731604
-0.31350942 0.48967334 0.81359195
-0.66676936 0.48036982 0.56979247
-0.54815793 0.78424171 0.2906679
-0.82153194 0.56880438 0.039330007
0.55176528 -0.81221297 0.189381
-0.11477061 0.054387252 0.99190208
0.25515028 0.26339717 0.93033341
0.25258889 -0.1652997 0.95334929
0.62687314 0.12079041 0.76970107
0.44279346 -0.67977259 0.58467357
0.59610597 -0.31028379 0.74052795
0.77649304 -0.50097977 0.38220129
0.86796251 -0.094939115 0.48747066
