-0.8552206 -0.51678156 0.039173293
0.98980432 0.096804165 0.10448138
0.81980434 0.33666097 0.46322805
0.62020398 0.72351172 0.30311355
-0.46837016 -0.87697995 0.10740378
-0.71151364 -0.51302994 0.4801548
-0.92709539 -0.12208612 0.35438556
-0.33259127 -0.7740099 0.53878728
-0.40840269 -0.40971466 0.81568447
-0.67619568 -0.039561602 0.73565908
-0.83356979 0.32232547 0.4486287
0.93565456 -0.3528872 0.0046017271
0.872783 -0.19023247 0.44951246
-0.27414079 0.0095711251 0.96164194
-0.50555586 0.39040726 0.76941242
-0.69444598 0.69032599 0.20296503
0.70615294 -0.65307168 0.2735789
0.012637438 -0.60341217 0.79732933
0.57362625 -0.46328946 0.67551152
0.31078374 -0.8052662 0.50493548
0.26245998 -0.23774576 0.93519609
0.62203358 0.012534532 0.78289024
0.14428026 0.20963289 0.96707666
0.47707926 0.45215077 0.75362793
-0.084605042 0.58099613 0.80949706
0.23801484 0.79671852 0.55550746
-0.3498018 0.79532604 0.49507089
0.39005949 -0.91868395 0.062236703
-0.034358499 -0.96960377 0.24225614
-0.024699351 0.97569203 0.21774989
