-0.850651 -0.525731 0
0.970187 0.237155 0.049948
0.86495 0.396435 0.307734
0.703903 0.666411 0.2458
-0.644291 -0.762348 0.0609492
-0.756908 -0.574325 0.311836
-0.916244 -0.301259 0.264083
-0.985938 0 0.167113
0.98606 -0.072033 0.14999
0.905103 0.0917393 0.415177
0.741534 0.314413 0.592683
0.580582 0.605133 0.544736
0.442867 0.828447 0.342848
0.384329 0.922678 0.0309393
-0.506478 -0.786094 0.354311
-0.231772 -0.940847 0.247162
-0.225309 -0.812164 0.538168
-0.499488 -0.607725 0.617399
-0.754493 -0.359861 0.548854
-0.875091 -0.0702728 0.47883
0.0494888 -0.913698 0.40337
0.0333915 -0.996806 0.0725429
0.132792 0.966393 0.220117
0.16227 0.839728 0.518195
0.303387 0.630944 0.714049
0.491787 0.366969 0.789607
0.627242 0.0710046 0.775581
0.78231 -0.149549 0.60467
0.886043 -0.314437 0.340673
-0.944047 0.328151 0.0330414
-0.899748 0.229434 0.371232
-0.131782 0.911107 0.390534
-0.0101776 0.67906 0.734012
-0.299138 0.73627 0.606979
0.120834 0.429312 0.895036
0.348074 0.115316 0.930348
0.548445 -0.236109 0.80216
0.685791 -0.454565 0.568385
0.810272 -0.568191 0.14359
-0.802224 0.567096 0.18665
-0.528455 0.754827 0.38855
-0.298581 0.946488 0.122519
-0.597008 0.798179 0.0805749
0.310323 -0.927349 0.209104
0.581005 -0.76687 0.272661
0.351329 -0.792115 0.499121
0.421947 -0.549097 0.721424
0.0708124 -0.738755 0.670244
-0.723771 0.487216 0.488648
-0.207945 -0.598926 0.773334
0.138204 -0.490456 0.860438
0.26155 -0.199094 0.944433
-0.735965 0.208867 0.643996
-0.678867 -0.10092 0.727293
-0.471978 -0.345798 0.810963
-0.14249 -0.330834 0.932869
0.0379413 0.0333994 0.998722
-0.343671 -0.0825048 0.935459
-0.495105 0.184424 0.849034
-0.487216 0.488648 0.723771
-0.238677 0.386187 0.891007
