-0.84233485 -0.53860074 -0.019526227
0.94532562 0.2920268 0.14518891
-0.93715153 -0.31561516 0.14877534
-0.78990409 -0.54076022 0.28918839
-0.66615526 -0.73795566 0.10797515
0.81081589 0.49656921 0.3098332
0.66605107 0.72218212 0.18662527
-0.57709061 -0.70963427 0.4042099
-0.42863067 -0.8780574 0.21281676
0.44778438 0.89043571 0.081322806
-0.85450748 -0.29016218 0.43083973
-0.6720169 -0.47993151 0.56396723
-0.70959371 -0.20627519 0.67374129
0.87457612 0.23271636 0.42539359
0.70205983 0.42186665 0.5737077
0.58177077 0.66794618 0.46410205
0.37435398 0.85262199 0.36454744
0.73094724 0.14353506 0.66716851
0.50543707 0.35920433 0.78454166
0.39366944 0.61333464 0.6847226
0.15588299 0.77327305 0.61461313
0.51431712 0.072737037 0.85450993
0.088311649 0.92460735 0.37054327
0.16740025 0.98157882 0.092087853
-0.14791166 -0.96815528 0.20198397
-0.30037895 -0.82786585 0.47371998
-0.4311541 -0.62845462 0.64741867
-0.49249865 -0.37047452 0.7875238
-0.013043966 -0.89145818 0.4529152
-0.11192107 -0.72725037 0.67718578
-0.23410181 -0.50638473 0.8299222
0.1470331 -0.96688081 0.20862116
-0.12746213 0.98819638 0.084978382
-0.19767255 0.88150985 0.42879593
-0.11981506 0.70750196 0.69648068
0.108121 0.56496775 0.81799835
0.24355273 0.32149983 0.91505187
0.24552153 0.031437687 0.96888124
0.71629598 -0.15078328 0.68131085
0.48275026 -0.22050853 0.84754243
0.8867934 -0.060218196 0.45822619
0.98250153 0.0022494732 0.18624095
-0.99379718 -0.029061785 0.10734335
-0.91996248 -0.0051302222 0.39197286
-0.77081382 0.07930617 0.63210489
-0.5126954 -0.081654026 0.85467891
-0.27199378 -0.23283234 0.93370685
0.20663493 -0.2627947 0.94246536
-0.023628112 -0.086295342 0.99598937
0.059271254 -0.50506108 0.86104601
-0.021488537 0.2081602 0.97785867
-0.27653105 0.061062884 0.95906303
-0.15701753 0.4507368 0.87873879
-0.49967828 0.21269799 0.83969112
-0.42558234 0.48758301 0.76232703
-0.3902622 0.71593725 0.5789035
0.18228603 -0.70640101 0.6839367
0.34784277 -0.48188085 0.80423645
0.27905314 -0.85068597 0.44549156
0.60576287 -0.42419457 0.67313469
0.45856107 -0.66557436 0.58883998
0.80958886 -0.34444647 0.47531306
0.93364766 -0.28739237 0.21379352
-0.95736723 0.26821448 0.10727992
-0.8572048 0.28035073 0.43197617
-0.67220772 0.35686769 0.6486773
-0.64192867 0.59744246 0.48061429
-0.81726327 0.51526757 0.25803117
0.8599566 -0.50924514 0.033823533
0.75684684 -0.57866618 0.30385575
0.53892117 -0.77613233 0.3273875
0.67393613 -0.73563336 0.068217649
-0.6318144 0.74213509 0.2237098
-0.38427564 0.90104496 0.20112236
0.41285864 -0.90595856 0.093738138
