-0.850651 -0.525731 0
0.967881 0.188968 0.165823
-0.947332 -0.237036 0.215352
-0.767231 -0.51093 0.387695
-0.60467 -0.78231 0.149549
0.64439 0.730548 0.225967
0.81012 0.431551 0.396824
-0.991648 0.110385 0.0667094
0.93024 -0.162122 0.329196
0.813981 0.0995276 0.572302
0.886472 -0.45542 0.0822203
0.754077 -0.479589 0.448734
0.663207 -0.218637 0.715789
0.546427 0.123065 0.828416
0.570576 0.461267 0.679467
0.413246 0.752689 0.51253
0.310037 0.931215 0.191613
0.273346 0.386299 0.88094
0.11084 0.69633 0.709111
0 0.907929 0.419124
0.3545 -0.181365 0.917298
0.0758623 0.0667655 0.994881
-0.0908733 0.446838 0.889988
-0.25247 0.715567 0.651324
0.4345 -0.503033 0.747106
-0.370379 0.867267 0.332667
-0.083388 0.994137 0.0688389
-0.214706 -0.962239 0.167325
-0.704207 0.695916 0.140687
0.432703 -0.900591 0.0412736
0.515685 -0.767577 0.380651
-0.607726 0.617399 0.499488
-0.874225 0.38728 0.292822
0.165805 -0.941542 0.293271
0.210954 -0.761094 0.61338
-0.135473 -0.847682 0.512916
-0.483519 -0.715483 0.504275
0.0908733 -0.446838 0.889988
-0.246355 -0.594067 0.765764
-0.239847 -0.248001 0.938599
-0.289929 0.13257 0.947822
-0.443243 0.433122 0.784819
-0.733977 0.278954 0.619244
-0.849175 -0.0588708 0.524819
-0.594837 -0.0406245 0.802819
-0.570944 -0.406288 0.713409
