-0.768539 -0.639803 0
0.8037 0.32763 0.496714
0.512916 -0.135473 0.847682
0.353435 0.627882 0.693432
0.264412 0.956652 0.122082
-0.137243 0.799775 0.584401
-0.484442 0.1312 0.864929
-0.113951 0.0166915 0.993346
-0.583704 -0.776767 0.236482
-0.279764 -0.929031 0.242142
0.305819 -0.690418 0.655589
0.59678 -0.633437 0.492556
0.351222 -0.936235 0.0103365
0.970736 -0.210106 0.116307
-0.903575 -0.210095 0.373379
-0.612674 0.626469 0.481837
0.623493 0.610298 0.488664
-0.385011 0.857377 0.341572
0.0166935 -0.996695 0.0795026
0.324435 -0.876383 0.355942
0.562395 0.798018 0.216516
0.433893 0.329003 0.838745
0.122082 0.264412 0.956652
0.206834 -0.0832144 0.974831
0.0305179 0.586703 0.809227
-0.210686 0.340897 0.916188
-0.375178 0.573635 0.728138
-0.364213 -0.197527 0.910127
0.222468 0.856885 0.465034
-0.0498366 0.961174 0.271405
-0.041302 -0.33414 0.941618
0.299551 -0.400731 0.865843
-0.325477 -0.526633 0.785317
-0.0203427 -0.667917 0.743958
-0.366677 -0.76107 0.53509
-0.0164666 -0.887356 0.460791
-0.627168 -0.453392 0.633322
0.889174 0.413274 0.196403
0.964156 0.0918667 0.248925
0.85475 -0.108385 0.507597
0.833647 -0.418967 0.35986
0.613657 -0.768993 0.179094
0.859618 -0.510938 0
0.688421 0.110825 0.716795
0.671869 -0.351136 0.652147
-0.785502 -0.523627 0.329851
-0.970015 0.112485 0.215449
-0.974156 -0.220276 0.0499757
-0.839466 0.0886599 0.53613
-0.845966 0.416024 0.333565
-0.659941 0.733998 0.160388
-0.665958 -0.131075 0.734383
-0.664361 0.341617 0.664772
