-0.853334 -0.521105 0.0164517
0.977835 0.203321 0.0499845
0.828923 0.444267 0.339873
-0.931215 -0.191613 0.310037
-0.781089 -0.508882 0.361856
-0.630236 -0.768447 0.110868
0.656735 0.717059 0.233506
0.895036 0.120834 0.429312
0.693297 0.327512 0.641931
0.552922 0.627561 0.548129
0.723674 -0.0203518 0.689842
0.489967 0.157864 0.857328
0.372904 0.475231 0.79693
0.466522 -0.179887 0.866024
0.19957 0.0166645 0.979742
0.0821198 0.33352 0.93916
0.231881 0.738819 0.632754
0.36982 0.860845 0.349541
-0.0507842 0.609853 0.790885
0.334354 0.942221 0.0206554
0.03298 0.912025 0.408806
-0.257444 0.781282 0.568613
0 0.997607 0.0691416
-0.27982 0.924338 0.259422
-0.370811 -0.873405 0.315694
-0.0331819 -0.960034 0.277908
0.281192 -0.950468 0.132444
-0.524996 -0.648999 0.550617
-0.180328 -0.791892 0.583429
0.156089 -0.830267 0.535063
0.280547 -0.593773 0.75414
0.162122 -0.329196 0.93024
-0.0603185 -0.573961 0.816658
0.596025 -0.437001 0.673636
0.483519 -0.715483 0.504275
0.836201 -0.273236 0.475511
0.976766 -0.112669 0.182302
-0.969371 0.164601 0.182282
0.743791 -0.576387 0.338457
0.594986 -0.794753 0.119827
0.90059 -0.429646 0.06589
-0.596535 0.769745 0.227241
-0.819701 0.507872 0.264871
-0.569764 0.621306 0.53791
-0.382683 0.485712 0.785899
-0.237036 0.215352 0.947332
-0.124039 -0.116672 0.985394
-0.381266 -0.460735 0.801473
-0.453679 -0.131555 0.881402
-0.671869 -0.351136 0.652147
-0.567096 0.18665 0.802224
-0.767112 0.324657 0.553297
-0.80067 -0.0203507 0.59876
