-0.850651 -0.525731 0
0.965931 0.253935 0.0499438
0.86701 0.403661 0.292149
0.715788 0.657367 0.235617
-0.656004 -0.753045 0.0508214
-0.75821 -0.581356 0.2952
-0.910555 -0.318232 0.263854
0.942117 0.112543 0.315831
-0.985095 -0.0412273 0.167
0.990313 -0.0963765 0.0999554
0.687574 0.519216 0.507599
0.800712 0.244744 0.546773
-0.952437 0.26561 0.149385
0.911107 -0.390534 0.131782
0.907052 -0.190661 0.375374
0.781333 -0.0608857 0.621137
0.620698 0.150979 0.769376
0.496734 0.443691 0.745918
-0.818247 0.56288 0.116781
0.748864 -0.6403 0.170933
0.777195 -0.460913 0.428402
0.656665 -0.332029 0.677162
0.501613 -0.125099 0.855999
0.358229 0.131655 0.924305
0.228706 0.40347 0.885949
0.220117 -0.132792 0.966393
0.37744 -0.409642 0.830501
0.0617124 0.133269 0.989157
0.510115 -0.591696 0.624242
0.536103 -0.767272 0.351976
-0.609083 0.789917 0.0710561
0.397184 -0.909626 0.121761
0.296929 -0.788833 0.538123
0.169628 -0.625899 0.761234
0.051542 -0.383988 0.921898
-0.0996199 -0.133178 0.986073
0.165615 -0.936027 0.310525
0 -0.835602 0.549336
-0.140487 -0.639533 0.755818
-0.256053 -0.386306 0.886118
-0.296929 -0.788833 0.538123
-0.526633 -0.785317 0.325477
-0.149123 -0.942119 0.300289
-0.429454 -0.561193 0.707553
-0.677939 -0.472104 0.563486
-0.383023 -0.919095 0.0925047
-0.528204 -0.286368 0.799371
-0.387309 -0.0495089 0.92062
-0.818253 -0.196267 0.540315
-0.661294 -0.0203253 0.749852
-0.898418 0.0815067 0.43151
-0.820554 0.421509 0.386032
-0.732517 0.252431 0.632217
-0.493447 0.227026 0.839625
-0.207309 0.279403 0.937527
-0.652147 0.671869 0.351136
-0.591649 0.523538 0.613073
-0.325477 0.526633 0.785317
-0.0203418 0.574815 0.818031
0.485234 0.851954 0.19678
0.476243 0.737138 0.479395
0.257874 0.668765 0.697319
-0.116889 0.993091 0.0103221
0.182338 0.972137 0.147318
0.196205 0.873907 0.444737
-0.0710037 0.793043 0.605014
-0.382305 0.758515 0.52773
-0.0825026 0.941297 0.327344
-0.371232 0.899748 0.229434
