0.853334 0.521105 0.0164517
0.956736 0.177234 0.230749
-0.940654 -0.286156 0.182444
-0.788833 -0.538123 0.296928
-0.652502 -0.74958 0.11123
0.680089 0.706105 0.197216
0.83119 0.4516 0.324314
-0.999229 -0.0206401 0.0333964
-0.83147 -0.292081 0.472596
-0.942221 -0.0206554 0.334354
-0.56552 -0.714752 0.41148
-0.626469 -0.481837 0.612674
-0.674215 -0.184558 0.715103
-0.798179 0.0805749 0.597008
-0.573349 0.083752 0.815019
-0.419673 -0.180293 0.889589
-0.372904 -0.475231 0.79693
-0.32576 -0.723153 0.609041
-0.386187 -0.891007 0.238677
0.447676 0.891353 0.0712403
-0.131672 -0.889237 0.438088
-0.0303309 -0.72085 0.692427
-0.0702728 -0.47883 0.875091
-0.100044 -0.983854 0.148398
0.168216 -0.848838 0.501176
0.198623 -0.95746 0.209329
0.280547 -0.593773 0.75414
-0.112669 -0.182302 0.976766
-0.275586 0.0830123 0.957685
0.199492 -0.29477 0.934512
0.458698 -0.742189 0.488621
0.485234 -0.851954 0.19678
0.166001 0.973942 0.154536
-0.133178 0.986073 0.0996199
0.450033 0.812154 0.371316
0.62888 0.584504 0.512703
0.147807 0.881861 0.447744
0.348411 0.67579 0.649552
-0.164198 0.904255 0.39416
-0.430583 0.896869 0.101119
0.0203334 0.730779 0.682311
-0.292598 0.725503 0.622922
-0.498775 0.773622 0.390811
-0.408555 0.348957 0.843393
-0.166729 0.530835 0.830912
-0.540848 0.541969 0.643236
-0.767577 0.380651 0.515685
-0.923866 0.291508 0.247982
-0.747877 0.5977 0.28885
-0.67906 0.734013 0.0101776
-0.870858 0.491259 0.0164554
0.690418 -0.655589 0.305819
0.962219 -0.237692 0.132802
0.83748 -0.393261 0.379438
0.624242 -0.510115 0.591696
0.912982 -0.0823236 0.399607
0.496492 -0.325185 0.804829
0.751314 -0.227747 0.619402
0.834306 0.19509 0.515629
0.671124 0.0506507 0.739613
0.594391 0.358337 0.719927
0.42471 -0.0329356 0.90473
0.131122 0.0166909 0.991226
-0.0307329 0.283415 0.958505
0.351867 0.263143 0.898301
0.166993 0.503322 0.847809
