-0.850651 -0.525731 0
0.951056 0.16246 0.262866
-0.951056 -0.16246 0.262866
0.688191 0.587785 0.425325
-0.525731 -0.850651 0
-0.688191 -0.587785 0.425325
0.850651 0 0.525731
0.525731 0 0.850651
0.587785 0.425325 0.688191
0.16246 0.262866 0.951056
0.16246 -0.262866 0.951056
0.587785 -0.425325 0.688191
0.951056 -0.16246 0.262866
0.850651 -0.525731 0
-0.951056 0.16246 0.262866
0.688191 -0.587785 0.425325
0.525731 -0.850651 0
-0.688191 0.587785 0.425325
-0.850651 0 0.525731
-0.525731 0 0.850651
-0.16246 0.262866 0.951056
-0.587785 0.425325 0.688191
-0.16246 -0.262866 0.951056
-0.587785 -0.425325 0.688191
0 0.525731 0.850651
0.425325 0.688191 0.587785
