0.839728 0.518195 0.16227
0.52866 0.490264 0.692936
0.551042 -0.0634368 0.832063
0.354664 0.742003 0.568898
0.386299 0.88094 0.273346
-0.443437 0.773505 0.452829
-0.523068 -0.0595126 0.85021
-0.0621965 -0.016699 0.997924
-0.484092 -0.649517 0.58633
-0.0499438 -0.965931 0.253935
0.11123 -0.652502 0.74958
0.80268 -0.449321 0.392194
0.430138 -0.862734 0.26584
-0.987429 0.106693 0.116623
-0.750207 -0.471397 0.463653
-0.658643 0.533341 0.530789
0.621137 0.781333 0.0608857
-0.509432 0.857723 0.0692064
0.217011 -0.975678 0.0309524
0.547636 -0.652746 0.523467
-0.567825 -0.773429 0.28175
0.297289 0.340955 0.891834
0.120472 0.618331 0.77663
0.266908 0.0166551 0.963578
-0.170933 0.748864 0.6403
-0.0412757 0.367605 0.929066
-0.32763 0.496714 0.8037
-0.320632 0.182039 0.929547
0.0822203 0.886472 0.45542
-0.198871 0.93417 0.296273
0.132802 -0.315162 0.9397
0.400749 -0.481669 0.779356
-0.216955 -0.295021 0.930534
-0.217322 -0.586051 0.780587
-0.182741 -0.821644 0.539914
0.174091 -0.857607 0.483945
-0.501486 -0.377449 0.778488
0.839257 0.334242 0.42887
0.967599 0.132743 0.214782
0.859381 -0.0299692 0.510456
0.955494 -0.202078 0.214931
0.702869 -0.688745 0.177782
0.887356 -0.460791 0.0164666
0.692192 0.204615 0.6921
0.671342 -0.325165 0.666008
-0.800831 -0.578807 0.153791
-0.928094 -0.132432 0.347999
-0.951779 -0.299556 0.0662061
-0.835851 0.127709 0.533895
-0.872067 0.379978 0.308409
-0.727361 0.653878 0.208302
-0.750382 -0.179588 0.63614
-0.604412 0.272059 0.748779
0.64684 0.649448 0.399769
-0.349974 -0.932191 0.0924032
0.100061 0.986311 0.13107
