-0.850651 -0.525731 0
0.962733 0.2514 0.0997129
-0.927308 -0.306269 0.215173
-0.768229 -0.56477 0.301428
-0.643253 -0.761345 0.0811072
0.692391 0.686639 0.221635
0.836323 0.42648 0.344498
0.917404 0.112226 0.381806
0.753054 0.254248 0.606851
0.627561 0.548129 0.552922
0.456698 0.794935 0.399381
0.415177 0.905103 0.0917393
0.182273 0.935252 0.303449
0.206749 0.782406 0.587448
0.367585 0.561351 0.741463
0.500892 0.281541 0.818438
0.639803 0 0.768539
0.817207 -0.148095 0.556993
0.366145 0.0165131 0.930411
0.209104 0.310323 0.927348
0.0609476 0.597732 0.799376
-0.0821993 0.870089 0.485992
-0.231324 0.680729 0.695052
0.480062 -0.259769 0.837891
0.664768 -0.422216 0.616293
-0.170416 0.409416 0.896291
-0.0411561 0.13341 0.990206
0.0924216 -0.149541 0.984427
-0.11646 0.974261 0.193011
-0.133495 -0.990836 0.0205824
-0.388404 -0.894994 0.219381
-0.527794 -0.72031 0.450096
-0.379438 0.83748 0.393261
-0.0989293 -0.936012 0.337778
-0.240593 -0.781883 0.575129
0.166015 -0.978805 0.119915
-0.416025 0.90649 0.0721082
0.196334 -0.881675 0.429071
0.449711 -0.861255 0.236644
0.546783 -0.684319 0.482427
0.403894 -0.553322 0.728495
0.130852 -0.71506 0.686707
0.149838 -0.442991 0.883916
-0.129279 -0.582509 0.802478
-0.429454 -0.561193 0.707553
-0.181965 -0.294425 0.938191
-0.322798 0 0.946468
-0.480062 -0.259769 0.837891
-0.686417 -0.426149 0.589261
-0.455349 0.282027 0.844463
-0.617549 0.0202925 0.786271
-0.802478 -0.129279 0.582509
-0.516613 0.536268 0.667479
-0.720456 0.286472 0.631567
-0.942422 0 0.334425
-0.998851 0.04492 0.0166995
0.947759 -0.180051 0.263314
0.821198 -0.461879 0.335116
0.704207 -0.695916 0.140687
0.919041 -0.392778 0.0330143
-0.908422 0.310932 0.279448
-0.781325 0.59939 0.173961
