-0.850651 -0.525731 0
0.969275 0.243714 0.0333122
0.874225 0.38728 0.292822
0.715567 0.651324 0.25247
-0.644939 -0.763152 0.0406589
-0.747877 -0.5977 0.28885
-0.910555 -0.318232 0.263854
-0.513415 -0.797321 0.317308
-0.754827 -0.38855 0.528455
-0.546902 -0.61765 0.56516
-0.286368 -0.799371 0.528204
-0.248001 -0.938599 0.239847
0.383988 0.921898 0.051542
0.45736 0.823958 0.334538
0.681957 0.509556 0.524678
0.419176 0.678241 0.603556
0.184424 0.849034 0.495105
0.116307 0.970736 0.210106
0.0166935 -0.996695 0.0795026
0.0165097 -0.917182 0.398127
0 -0.750007 0.66143
-0.263489 -0.59402 0.760075
-0.51093 -0.387695 0.767231
-0.115373 0.903643 0.412455
-0.247706 0.959743 0.13242
0.29477 -0.934513 0.199492
0.298111 -0.816906 0.493756
0.140818 0.661521 0.736587
-0.157592 0.725274 0.67018
-0.397913 0.783878 0.476655
-0.529014 0.827965 0.186058
0.57114 -0.812169 0.119078
0.577507 -0.700719 0.418903
0.278954 -0.619244 0.733977
0.0206668 -0.495384 0.868428
-0.23606 -0.325939 0.915445
-0.695916 -0.140687 0.704207
-0.449777 -0.0987316 0.887667
-0.882736 -0.0805898 0.462906
-0.985938 0 0.167113
-0.620698 0.150979 0.769376
-0.814815 0.215489 0.538182
-0.619551 0.442176 0.648565
-0.657562 0.634393 0.406396
-0.346117 0.493236 0.798073
-0.347466 0.197989 0.916552
-0.0515917 0.448335 0.892376
-0.141596 -0.0333574 0.989362
-0.86701 0.403661 0.292149
-0.764743 0.636343 0.101176
0.782406 -0.587448 0.206749
0.923933 -0.382197 0.0165105
0.987688 -0.0822425 0.133071
0.889024 -0.322216 0.32529
0.919095 0.0925047 0.383023
0.700072 -0.447305 0.556613
0.809978 -0.138717 0.569818
0.754919 0.208456 0.621806
0.495547 0.418485 0.76112
0.23606 0.325939 0.915445
0.535328 0.112743 0.837086
0.587448 -0.206749 0.782406
0.266908 0.0166551 0.963578
0.312849 -0.310204 0.897719
