-0.850651 -0.525731 0
0.965555 0.213133 0.149256
-0.947332 -0.237036 0.215352
-0.772385 -0.52569 0.356472
-0.60467 -0.78231 0.149549
0.64439 0.730548 0.225967
0.81012 0.431551 0.396824
-0.993413 0.0931376 0.0667474
0.946488 -0.122519 0.298581
0.813981 0.0995276 0.572302
0.901881 -0.424051 0.0824101
0.792129 -0.425407 0.437676
0.663207 -0.218637 0.715789
0.546427 0.123065 0.828416
0.570576 0.461267 0.679467
0.413246 0.752689 0.51253
0.32553 0.923879 0.201189
0.281401 0.371304 0.884843
0.11084 0.69633 0.709111
0.0164712 0.910074 0.414118
0.3545 -0.181365 0.917298
0.0931376 0.0667474 0.993413
-0.0815068 0.43151 0.898418
-0.25247 0.715567 0.651324
0.4345 -0.503033 0.747106
-0.340285 0.879962 0.331471
-0.0500887 0.996591 0.0655594
-0.262866 -0.951056 0.16246
-0.718241 0.68985 0.0907605
0.432953 -0.90118 0.0206669
0.631567 -0.720456 0.286472
-0.61176 0.65732 0.440091
-0.859517 0.419913 0.291383
0.182444 -0.940654 0.286156
0.210954 -0.761094 0.61338
-0.125099 -0.855999 0.501613
-0.471201 -0.72898 0.496546
0.0899078 -0.478002 0.873745
-0.237086 -0.606825 0.758652
-0.150052 -0.214775 0.965068
-0.289929 0.13257 0.947822
-0.443243 0.433122 0.784819
-0.733977 0.278954 0.619244
-0.849175 -0.0588708 0.524819
-0.595224 -0.0203324 0.803303
-0.553372 -0.38673 0.737712
