-0.850651 -0.525731 0
0.825267 0.281821 0.489399
0.525731 0 0.850651
0.281821 0.489399 0.825267
0 0.850651 0.525731
-0.309017 0.5 0.809017
-0.525731 0 0.850651
0 0 1
-0.580582 -0.605133 0.544736
0 -0.850651 0.525731
0.254286 -0.478242 0.840609
0.814241 -0.31762 0.485931
-0.865459 0.453874 0.212084
0.999807 -0.010322 0.0167014
-0.773811 -0.362368 0.519525
-0.819222 0.326128 0.471716
0.489399 0.825267 0.281821
-0.503093 0.814022 0.290285
0 -1 0
0.51392 -0.80355 0.300322
-0.5 -0.809017 0.309017
0.433889 0.259892 0.862668
0.142301 0.263694 0.954052
0.271405 -0.0498366 0.961174
0 0.525731 0.850651
-0.152636 0.280417 0.947665
-0.433889 0.259892 0.862668
-0.273266 0 0.961938
0.160622 0.702046 0.69378
-0.160622 0.702046 0.69378
0.0815011 -0.265518 0.960655
0.44469 -0.271003 0.853703
-0.207309 -0.279403 0.937527
-0.0596036 -0.54962 0.833286
-0.298776 -0.679268 0.67032
0.177782 -0.702869 0.688745
-0.43352 -0.422669 0.795871
0.862668 0.433889 0.259892
0.954052 0.142301 0.263694
0.850487 -0.0196337 0.52563
0.947665 -0.152636 0.280417
0.864787 -0.447345 0.22809
0.957067 -0.289866 0
0.69378 0.160622 0.702046
0.688745 -0.177782 0.702869
-0.870358 -0.417742 0.26071
-0.950468 -0.132444 0.281192
-0.963578 -0.266908 0.0166551
-0.833286 -0.0596036 0.54962
-0.951056 0.16246 0.262866
-0.673636 0.596025 0.437001
-0.648117 -0.225306 0.727449
-0.702643 0.170379 0.690843
0.259892 0.862668 0.433889
0.263694 0.954052 0.142301
0 0.961938 0.273266
0.702046 0.69378 0.160622
-0.280417 0.947665 0.152636
-0.271003 0.853703 0.44469
-0.71304 0.68471 0.150817
0 -0.961938 0.273266
0.263694 -0.954052 0.142301
0.26071 -0.870358 0.417742
0.510664 -0.859718 0.0103355
0.71506 -0.686707 0.130852
-0.259892 -0.862668 0.433889
-0.262866 -0.951056 0.16246
-0.510664 -0.859718 0.0103355
-0.715559 -0.668819 0.201635
0.454978 0.669276 0.587422
0.587785 0.425325 0.688191
0.688191 0.587785 0.425325
0.587422 -0.454978 0.669276
0.449287 -0.693516 0.563185
0.688191 -0.587785 0.425325
-0.596025 0.437001 0.673636
-0.437001 0.673636 0.596025
