-0.936608 -0.349991 0.0165139
0.903575 0.210095 0.373379
-0.960655 -0.0815011 0.265518
-0.759 -0.650377 0.0304925
0.735032 0.599999 0.3158
-0.707649 -0.6031 0.368108
0.679309 0.415275 0.605051
0.558545 -0.246832 0.791897
0.338874 0.0495584 0.939526
0.234383 -0.295192 0.926243
0.809978 -0.138717 0.569818
0.636343 0.101176 0.764743
0.684319 -0.482427 0.546783
0.403514 0.390436 0.827488
0.223929 0.668732 0.70898
0.349383 0.930172 0.112747
0.0412736 0.432703 0.900591
0.0987316 0.887667 0.449777
-0.263143 0.898301 0.351867
0.448074 0.780985 0.435077
-0.464979 0.551813 0.692313
-0.140967 0.72382 0.675435
-0.449777 -0.0987316 0.887667
-0.0103221 0.0835203 0.996453
-0.820401 -0.300607 0.486392
-0.286117 0.295186 0.911593
-0.112161 -0.24837 0.96215
-0.825531 0.0501471 0.562125
-0.597537 0.217357 0.77182
-0.578947 -0.390442 0.715804
-0.272692 -0.530606 0.802556
-0.102577 -0.845478 0.524065
0.393344 -0.569625 0.72167
0 0.992677 0.120799
-0.515629 -0.834306 0.19509
0.0609492 -0.644291 0.762348
0.214706 -0.962239 0.167325
-0.182033 -0.962953 0.198962
0.248125 -0.82069 0.514686
-0.427509 -0.719737 0.547005
0.792649 -0.571252 0.213023
-0.800831 0.578807 0.153791
0.997554 0.0206286 0.0667839
-0.754221 0.416724 0.507437
-0.569625 0.72167 0.393344
0.527686 -0.797844 0.291536
0.931544 -0.249782 0.264261
-0.944433 0.26155 0.199094
-0.494553 0.867079 0.0599265
