-0.850651 -0.525731 0
0.825267 0.281821 0.489399
0.525731 0 0.850651
0.254286 0.478242 0.840609
-0.0101677 0.843166 0.537557
-0.630816 0.520528 0.575431
-0.549336 0 0.835602
-0.010322 0.0167014 0.999807
-0.584504 -0.512703 0.62888
-0.0101677 -0.843166 0.537557
0.254286 -0.478242 0.840609
0.791864 -0.335869 0.510043
0.850651 -0.525731 0
1 0 0
-0.814022 -0.290285 0.503093
-0.808411 0.281534 0.516924
0.510043 0.791864 0.335869
-0.524316 0.748173 0.406609
0 -1 0
0.510043 -0.791864 0.335869
-0.549097 -0.721424 0.421947
0.433889 0.259892 0.862668
0.0614529 0.30008 0.951932
0.271405 0.0498366 0.961174
-0.0501471 0.562125 0.825531
-0.234383 0.295192 0.926243
-0.41866 0.477439 0.772513
-0.289866 0 0.957067
0.177782 0.702869 0.688745
-0.262621 0.703597 0.660289
0.142705 -0.230901 0.962455
0.433889 -0.259892 0.862668
-0.152636 -0.280417 0.947665
-0.0399848 -0.55014 0.834115
-0.301233 -0.655487 0.692528
0.177782 -0.702869 0.688745
-0.403514 -0.390436 0.827488
0.862668 0.433889 0.259892
0.954052 0.142301 0.263694
0.850651 0 0.525731
0.947665 -0.152636 0.280417
0.862668 -0.433889 0.259892
0.961938 -0.273266 0
0.69378 0.160622 0.702046
0.69378 -0.160622 0.702046
-0.826878 -0.483462 0.287294
-0.954052 -0.142301 0.263694
-0.961938 -0.273266 0
-0.791855 -0.010177 0.610624
-0.947665 0.152636 0.280417
-0.834953 0.465862 0.292961
-0.642147 -0.242237 0.727302
-0.620354 0.265519 0.738011
0.265438 0.845972 0.462466
0.296197 0.941221 0.162389
0.0331819 0.960034 0.277908
0.702046 0.69378 0.160622
-0.264412 0.956652 0.122082
-0.261444 0.877768 0.401461
-0.690843 0.702643 0.170379
0.0165274 -0.958586 0.284322
0.294425 -0.938191 0.181964
0.265438 -0.845972 0.462466
-0.510664 0.859718 0.0103355
0.702046 -0.69378 0.160622
-0.286761 -0.852157 0.437717
-0.263694 -0.954052 0.142301
-0.510664 -0.859718 0.0103355
-0.690843 -0.702643 0.170379
0.454978 0.669276 0.587422
0.587785 0.425325 0.688191
0.688191 0.587785 0.425325
0.587785 -0.425325 0.688191
0.454978 -0.669276 0.587422
0.688191 -0.587785 0.425325
