-0.861505 -0.501057 0.08216
0.978852 0.0412509 0.200368
-0.935833 -0.0309919 0.351079
0.884965 -0.465658 0
0.779714 -0.343989 0.52318
-0.727804 0.43227 0.532394
0.722763 0.170263 0.669795
0.657562 0.634393 0.406396
0.291536 0.527686 0.797844
0.300866 -0.0165266 0.953523
0.33352 -0.539647 0.77301
-0.16246 0.262866 0.951056
-0.162122 -0.329196 0.93024
-0.595224 -0.0203324 0.803303
-0.630816 -0.520528 0.575431
-0.14093 -0.779281 0.610622
-0.470817 -0.86199 0.187894
-0.208302 0.727361 0.653878
0.198387 0.922682 0.330607
-0.524773 0.821105 0.224501
0.540377 -0.779559 0.316672
0.0666977 -0.987169 0.145079
