-0.850651 -0.525731 0
0.963059 0.0407845 0.266183
-0.965767 -0.0714762 0.249369
-0.706451 -0.457628 0.53991
-0.497253 -0.837985 0.224768
0.718266 0.477682 0.505879
0.415435 0.861701 0.291352
-0.23519 -0.480768 0.844718
0 -0.95191 0.306378
-0.0832144 0.974831 0.206834
0.0708124 0.738755 0.670244
0.357403 0.354516 0.86405
0.702907 0 0.711282
0.272308 -0.691901 0.668671
0.281637 -0.23178 0.931106
0.718266 -0.477682 0.505879
0.499474 -0.84158 0.205591
0.884965 -0.465658 0
-0.553297 0.767112 0.324657
-0.791864 0.335869 0.510043
-0.380651 0.515685 0.767577
-0.57241 -0.0203244 0.819715
-0.0996199 0.133178 0.986073
