0.843166 0.537557 0.0101677
0.991648 0.110385 0.0667094
0.836407 0.300572 0.458345
0.613195 0.693087 0.378975
-0.898967 -0.254807 0.356275
-0.659696 -0.642175 0.390401
-0.479899 -0.876776 0.0309894
-0.271003 -0.853703 0.44469
-0.4345 -0.503033 0.747106
-0.677289 -0.120968 0.725704
-0.946933 0.204972 0.247596
-0.721243 0.312769 0.618049
-0.373776 0.21365 0.902577
-0.157351 -0.19858 0.967371
0 -0.598884 0.800836
0.174091 -0.857607 0.483945
-0.016693 -0.99517 0.0967366
0.214593 0.915504 0.340297
0.267381 0.65662 0.705236
0.0718017 0.316868 0.945748
-0.233506 0.656735 0.717059
-0.248073 0.929073 0.274377
-0.609241 0.686338 0.397198
0.444472 -0.886287 0.130156
-0.811716 0.583964 0.0101677
0.916771 -0.26897 0.295274
0.66803 -0.619094 0.412866
0.436409 -0.473026 0.765372
0.718656 -0.120998 0.684758
0.528204 0.286368 0.799371
0.292953 -0.082876 0.952528
