-0.859618 -0.510938 0
0.953424 0.226811 0.198844
-0.964409 -0.206081 0.165671
-0.792115 -0.499121 0.35133
-0.637962 -0.753248 0.160069
0.646177 0.739289 0.18949
0.78686 0.484295 0.382505
-0.844857 -0.186322 0.501498
-0.596025 -0.437001 0.673636
-0.488648 -0.723771 0.487216
-0.626086 -0.0911447 0.774409
-0.335103 -0.263541 0.904573
-0.271326 -0.606679 0.74721
-0.157864 -0.857328 0.489967
-0.329196 -0.93024 0.162123
0.342904 0.919694 0.191259
0.471201 0.72898 0.496546
0.0166645 -0.979742 0.19957
0 0.987904 0.155065
0.1312 0.864929 0.484442
0.080573 -0.708969 0.700622
0 -0.433045 0.901372
0.276468 -0.868813 0.410767
0.317401 -0.947785 0.0309918
-0.229049 0.887597 0.399636
-0.524773 0.821105 0.224501
0.575376 -0.791174 0.207332
-0.767889 0.639293 0.0406258
0.417811 -0.642587 0.642274
0.349541 -0.36982 0.860845
0.70729 -0.55557 0.437129
0.648761 -0.322337 0.689353
0.896905 -0.403788 0.180323
0.995302 -0.0828611 0.0500812
0.871755 -0.178707 0.456188
0.830912 0.166729 0.530835
-0.924096 0.344643 0.165129
-0.87463 0.159117 0.457934
-0.745918 0.496734 0.443691
-0.645066 0.269251 0.715118
-0.461267 0.679467 0.570576
-0.120696 0.706082 0.697769
-0.342848 0.442867 0.828447
-0.337778 0.0989293 0.936012
-0.0309503 -0.0834918 0.996028
0.617167 0.0405766 0.785785
0.311753 -0.0330497 0.949588
0.596025 0.437001 0.673636
0.227747 0.619402 0.751314
0.346695 0.309448 0.885463
-0.0206685 0.300527 0.953549
