-0.850651 -0.525731 0
0.964909 0.260463 0.0333048
0.850353 0.430613 0.302444
-0.886393 -0.392403 0.245615
-0.965067 -0.122476 0.231615
0.715559 0.668819 0.201635
0.669612 0.552418 0.496441
-0.676144 -0.731129 0.0909896
-0.721652 -0.601826 0.342087
-0.786094 -0.354311 0.506478
-0.865912 -0.0795738 0.493826
-0.69378 -0.160622 0.702046
-0.579458 -0.415873 0.700912
-0.524996 -0.648999 0.550617
-0.5 -0.809017 0.309017
0.507597 0.85475 0.108385
0.515685 0.767577 0.380651
-0.333001 -0.937341 0.102481
-0.244931 -0.879153 0.408776
-0.262621 -0.703597 0.660289
-0.264546 -0.461451 0.846805
-0.447345 -0.22809 0.864787
-0.544504 0.0367932 0.837951
-0.747464 0.13086 0.651286
-0.893198 0.189919 0.407588
-0.979426 0.151549 0.133256
0.993091 -0.0103221 0.116889
0.925663 0.1521 0.346431
0.779768 0.290787 0.55444
0.295186 0.911593 0.286117
0.11655 0.990569 0.0720317
-0.0666257 -0.974649 0.213589
-0.0101677 -0.827781 0.560959
-0.0101776 -0.63391 0.77334
0.181365 -0.917299 0.3545
0.150274 -0.988161 0.030905
0.265144 -0.680462 0.683132
0.0165232 0.942539 0.333688
0.19899 0.821822 0.533864
0.417811 0.642587 0.642274
0.562248 0.396573 0.725677
-0.248001 0.938599 0.239847
-0.083752 0.815019 0.573349
0.11123 0.652502 0.74958
0.300572 0.458345 0.836407
-0.356369 0.800468 0.481926
-0.169628 0.625899 0.761234
0.0206669 0.432953 0.90118
-0.256053 0.386306 0.886118
-0.513832 0.319378 0.796225
-0.443957 0.584716 0.678977
-0.693587 0.408174 0.593575
-0.296787 0.115989 0.947873
-0.61176 0.65732 0.440091
-0.810963 0.471978 0.345798
-0.196051 -0.149417 0.969143
-0.0206418 0.167078 0.985728
0.0309393 -0.384329 0.922678
0.0790967 -0.0999844 0.99184
0.26878 0.182547 0.945745
0.535328 0.112743 0.837086
0.354043 -0.0989206 0.929983
0.324668 -0.385521 0.863692
0.754 0.0101776 0.656795
0.587448 -0.206749 0.782406
0.526382 -0.519296 0.673241
-0.513516 0.830887 0.214309
-0.735916 0.660765 0.147705
-0.901881 0.424051 0.0824101
0.940654 -0.286156 0.182444
0.892852 -0.140501 0.427873
0.741307 -0.340248 0.578528
0.821156 -0.54592 0.166353
0.688191 -0.587785 0.425325
0.443437 -0.773505 0.452829
0.641952 -0.760032 0.101232
0.394136 -0.904839 0.161006
