0.101117 -0.664414 0.740492
0.839728 0.518195 0.16227
-0.753635 -0.559719 0.344599
-0.52563 -0.850487 0.0196337
0.0166915 0.993346 0.113951
-0.165129 -0.924096 0.344643
0.849995 0.0392598 0.525326
0.506298 0.0657576 0.859848
0.63455 0.464444 0.617768
0.187153 0.553466 0.811572
0.0411561 0.13341 0.990206
0.529322 -0.407849 0.743961
0.961495 -0.230622 0.149467
-0.812225 0.550529 0.192895
-0.975431 -0.161704 0.14962
0.721652 -0.601826 0.342087
0.324435 -0.876383 0.355942
-0.460882 0.879344 0.119755
-0.847809 0.166993 0.503322
-0.657367 -0.235617 0.715788
-0.435439 0.180202 0.881998
-0.555073 0.563858 0.611522
-0.207309 -0.279403 0.937527
-0.392988 -0.635869 0.664252
-0.133342 0.819471 0.557393
0.35532 0.826411 0.436799
