-0.850651 -0.525731 0
0.947822 0.289929 0.13257
0.816906 0.493756 0.298111
0.681291 0.714184 0.160573
-0.67297 -0.727956 0.131116
-0.808303 -0.511084 0.292299
-0.946748 -0.275921 0.165941
0.876676 0.237806 0.418195
-0.605051 -0.679309 0.415275
-0.447174 -0.857113 0.255718
0.479899 0.876776 0.0309894
-0.999402 -0.0345915 0
0.958909 -0.0103365 0.283526
0.707553 0.429454 0.561193
0.60063 0.672013 0.433177
0.415139 0.855862 0.308479
0.733998 0.160388 0.659941
0.839466 -0.0886599 0.53613
0.646409 -0.111177 0.754848
0.512916 0.135473 0.847682
0.495547 0.418485 0.76112
0.390401 0.659696 0.642175
0.194743 0.840188 0.506121
0.149449 0.957124 0.248152
-0.217011 -0.975678 0.0309524
-0.165615 -0.936027 0.310525
-0.346153 -0.783452 0.516122
0.111089 0.674709 0.729676
0.218637 0.420581 0.880517
0.24458 0.116279 0.962632
0.390534 -0.131782 0.911107
-0.100201 0.816793 0.568162
-0.149123 0.942119 0.300289
-0.0667839 0.997554 0.0206286
0.116227 -0.958027 0.26206
-0.0469514 -0.829886 0.555954
0.254002 -0.82947 0.497456
-0.199331 -0.656006 0.727958
0.131116 -0.67297 0.727956
0.325506 -0.414707 0.849743
0.411079 -0.631698 0.657245
0.611577 -0.40335 0.680649
0.0309895 -0.448677 0.893157
0.102565 -0.165954 0.980785
-0.479043 -0.574937 0.663299
-0.274162 -0.415608 0.86724
-0.707553 -0.429454 0.561193
-0.530962 -0.313441 0.787296
-0.865062 -0.217478 0.452074
-0.718656 -0.120998 0.684758
-0.196051 -0.149417 0.969143
-0.466048 -0.0493877 0.88338
-0.0412254 0.100118 0.994121
-0.0721097 0.383478 0.920731
-0.313491 0.198661 0.928578
-0.179094 0.613657 0.768993
-0.630595 0.160986 0.759232
-0.40755 0.441983 0.799096
-0.437001 0.673636 0.596025
-0.958909 0.0103365 0.283526
-0.835851 0.127709 0.533895
-0.649933 0.429035 0.627308
-0.42887 0.839258 0.334242
-0.661597 0.649783 0.374263
-0.827488 0.403514 0.390436
-0.94744 0.282971 0.14928
0.94744 -0.282971 0.14928
0.816363 -0.379516 0.435338
-0.819471 0.557393 0.133342
0.811817 -0.556589 0.176527
0.645454 -0.763799 0
-0.367605 0.929066 0.0412757
0.63808 -0.634846 0.435687
0.478242 -0.840609 0.254286
