-0.850651 -0.525731 0
0.952973 0.286245 0.0995262
0.836557 0.47304 0.276416
-0.929547 -0.320632 0.182039
-0.790112 -0.545109 0.280319
-0.830318 -0.317612 0.457924
-0.676144 -0.731129 0.0909896
0.691585 0.697528 0.187522
0.654295 0.595297 0.46639
-0.589575 -0.720854 0.364378
-0.652746 -0.523467 0.547636
-0.994137 -0.0688389 0.083388
-0.928088 -0.0618653 0.367185
0.493826 0.865912 0.0795738
0.478987 0.803008 0.354613
-0.422641 -0.884126 0.199237
-0.345798 -0.810963 0.471978
-0.404216 -0.620595 0.671917
-0.147705 -0.735916 0.660765
-0.0823427 -0.894306 0.439815
-0.149539 -0.972437 0.1789
0.232233 0.967277 0.102196
0.21365 0.902577 0.373776
0.322141 0.745339 0.583691
0.0304597 0.777201 0.628515
-0.0166574 0.972239 0.233397
0.100118 -0.994121 0.0412254
0.165615 -0.936027 0.310525
0.137243 -0.799775 0.584401
-0.180052 0.874142 0.451063
-0.296197 0.941221 0.162389
0.380432 -0.915352 0.131915
0.381484 -0.813301 0.439331
0.0710561 -0.609083 0.789917
-0.177481 -0.487173 0.855081
0.344116 -0.640787 0.686277
-0.439331 -0.381484 0.813301
-0.668671 -0.272308 0.691901
-0.791532 -0.0304824 0.610367
-0.507198 -0.108758 0.85494
-0.254397 -0.215468 0.942792
-0.610622 0.14093 0.779281
0.0206685 -0.300527 0.953549
0.283065 -0.430014 0.857299
-0.337778 0.0989293 0.936012
-0.0691416 0 0.997607
0.206834 -0.0832144 0.974831
-0.418967 0.35986 0.833647
-0.132802 0.315162 0.9397
-0.109641 0.583686 0.804543
0.187942 0.577518 0.79445
-0.378975 0.613195 0.693087
-0.443437 0.773505 0.452829
-0.657134 0.38368 0.648818
-0.837985 0.224768 0.497253
-0.959116 0.184536 0.214578
-0.669276 0.587422 0.454978
-0.850353 0.430613 0.302444
-0.553466 0.811572 0.187153
-0.766526 0.631317 0.1178
0.62024 -0.780204 0.0811419
-0.912025 0.408806 0.03298
0.82175 -0.527656 0.215189
0.627882 -0.693432 0.353435
0.984326 -0.155411 0.0833631
0.902537 -0.262757 0.341154
0.962057 0.0611555 0.265906
0.745004 -0.46207 0.481104
0.539138 -0.44278 0.716433
0.453874 -0.212084 0.865459
0.717059 -0.233506 0.656735
0.859381 -0.0299692 0.510456
0.851097 0.245513 0.464066
0.681875 0.040497 0.730347
0.671342 0.325165 0.666008
0.475195 0.535005 0.698541
0.445365 0.0658169 0.892927
0.365037 0.33926 0.866978
0.140062 0.198611 0.970019
