-0.8484946 -0.52920479 -0.00039407582
0.95598542 0.26127051 0.13353455
0.81756795 0.48131772 0.31609851
-0.94465487 -0.27177776 0.18375328
-0.79465581 -0.52041724 0.31255179
-0.6519978 -0.74530011 0.13938232
0.66671464 0.72393856 0.17721882
0.88539586 0.17448668 0.43084765
-0.82607931 -0.26425024 0.49775983
0.70759901 0.3793712 0.59613921
0.59164917 0.65001361 0.47690076
0.39719647 0.85544379 0.33234381
0.42743748 0.90382723 0.019843386
-0.40280917 -0.86655509 0.29466483
-0.56865283 -0.66794458 0.48008812
-0.61033248 -0.41863335 0.67248821
-0.28228216 -0.76996358 0.57225293
-0.32203647 -0.53431394 0.78153775
-0.095538083 -0.94522896 0.31211467
-0.12294642 -0.99241288 -0.0011818455
0.071335751 0.94759638 0.31140439
0.19179406 0.80017162 0.56827968
0.38397546 0.59053998 0.70980721
0.48866673 0.30989608 0.8155795
0.69153237 0.0861151 0.71719495
0.03193114 -0.81646286 0.57651482
-0.010310549 -0.5968025 0.80232264
0.21944887 -0.91460292 0.33962354
0.19296565 -0.98074551 0.030051194
-0.2466844 0.9281881 0.2785997
-0.12459318 0.82398873 0.55273803
0.010051151 0.63663856 0.77109752
0.19649645 0.40913762 0.89106433
0.28195091 -0.66081821 0.69557461
0.4685715 -0.75613944 0.45683147
0.46777134 -0.87167022 0.14622254
-0.52824355 0.83325041 0.16325745
-0.42840938 0.76465089 0.48143272
-0.3040021 0.61160175 0.73043034
-0.11996302 0.38507971 0.91505474
0.28345635 0.10988325 0.95266913
0.4916699 -0.11282212 0.86344258
0.34057787 -0.39210817 0.85455399
0.55955779 -0.50759429 0.6551665
0.71189929 -0.22652597 0.6647448
0.14290343 -0.17417354 0.97429169
-0.030751644 0.090980082 0.99537962
-0.12915169 -0.33315248 0.93398586
-0.42820275 -0.24797333 0.86899464
-0.34056163 0.049243076 0.93893213
-0.67597516 -0.10666886 0.72916361
-0.42499959 0.33884501 0.83938097
0.9021006 -0.14188287 0.40753438
0.78619607 -0.43608577 0.43786433
0.69475072 -0.67471177 0.24916977
-0.7842821 0.61835711 0.050360336
0.9191998 -0.35999954 0.15960183
0.99181219 -0.053868514 0.11579153
-0.68791544 0.63436909 0.35263052
-0.58912493 0.50923157 0.62738751
-0.68065428 0.20979045 0.70192469
-0.92212796 0.35316304 0.1579747
-0.81314553 0.36143661 0.45624342
-0.8655495 0.050951449 0.49822537
-0.97853375 0.043582793 0.20142667
