-0.889174 0.413274 0.196403
0.936504 0.31746 0.148931
-0.996917 0.0412484 0.0667413
-0.248073 -0.929073 0.274377
0.714445 0.6386 0.285935
-0.71506 -0.686707 0.130852
0.682452 0 0.730931
0.410767 -0.276468 0.868813
0.341315 0.131949 0.930641
0.0599265 -0.494553 0.867079
0.928088 -0.0618653 0.367185
0.686338 0.397198 0.609241
0.700485 -0.390037 0.597655
0.335869 0.510043 0.791864
-0.0101677 0.843166 0.537557
0.430583 0.896869 0.101119
-0.0596036 0.54962 0.833286
0.0333282 0.986732 0.158898
-0.355602 0.876818 0.323632
0.392927 0.77565 0.493939
-0.655109 0.752193 0.0709865
-0.399769 0.64684 0.649448
-0.579068 0.110466 0.807761
0.0309041 -0.116833 0.992671
-0.904573 -0.335103 0.263541
-0.209329 0.198623 0.95746
-0.331471 -0.340285 0.879962
-0.88476 0.0412992 0.464213
-0.714752 0.41148 0.56552
-0.564254 -0.646578 0.513375
-0.69118 -0.274701 0.668439
0.566035 -0.754341 0.332527
0.376819 -0.637717 0.671807
0.299696 -0.950516 0.0818625
0.131555 -0.881402 0.453679
-0.191266 -0.72705 0.659405
0.856885 -0.465034 0.222468
