-0.850651 -0.525731 0
0.97335 0.226892 0.0333095
-0.889916 -0.361352 0.278342
-0.714445 -0.6386 0.285935
0.63391 0.77334 0.0101776
0.725503 0.622922 0.292598
0.882837 0.339209 0.324864
-0.971515 -0.0410412 0.233395
-0.714084 -0.439869 0.54461
-0.842629 -0.137012 0.520773
-0.624937 -0.177504 0.760228
-0.727956 0.131116 0.67297
-0.885949 0.228706 0.40347
-0.465287 0.0985897 0.879652
-0.536894 0.392349 0.746865
-0.715483 0.504275 0.483519
-0.330607 -0.198387 0.922682
-0.45399 -0.46843 0.757935
-0.478214 -0.706882 0.52118
-0.43523 -0.871054 0.227685
-0.857628 0.477783 0.190258
-0.976132 0.21654 0.016658
0.963861 0 0.266405
0.865553 -0.478611 0.147475
0.86724 -0.274162 0.415608
0.830634 0.0988323 0.547978
0.693402 0.436792 0.573068
-0.700386 0.71312 0.0303404
-0.566035 0.754341 0.332527
-0.412866 0.66803 0.619094
0.710458 -0.563344 0.421773
0.546773 -0.800712 0.244744
-0.43227 0.89962 0.0618628
-0.262094 0.884897 0.385051
0.702643 -0.170379 0.690843
0.609349 0.183985 0.771261
0.45542 -0.0822203 0.886472
0.522499 -0.448259 0.725299
0.427509 -0.719737 0.547005
0.254807 -0.356275 0.898967
-0.0721082 -0.416025 0.90649
0.179588 -0.63614 0.750382
-0.170263 -0.669795 0.722763
-0.196015 -0.865871 0.460267
0.1312 -0.864929 0.484442
0.214578 -0.959116 0.184536
-0.116645 -0.980422 0.158641
-0.0834017 0.989173 0.120751
0.33352 0.93916 0.0821198
0.0514846 -0.116719 0.99183
-0.144411 0.149665 0.978134
0.241032 0.16608 0.956201
-0.236644 0.449711 0.861255
0.131655 0.924305 0.358229
0.464593 0.807702 0.363003
-0.0910813 0.75632 0.64783
0.238352 0.749885 0.617139
0.426933 0.462826 0.776866
