-0.850651 -0.525731 0
0.976132 0.21654 0.016658
-0.896373 -0.344657 0.278794
-0.714445 -0.6386 0.285935
-0.622292 -0.782786 0
0.714445 0.6386 0.285935
0.885463 0.346695 0.309448
-0.963661 -0.0203965 0.266349
0.991689 -0.12425 0.0333764
0.942221 0.0206554 0.334354
-0.920063 0.316139 0.231386
0.894306 -0.439815 0.0823427
0.869725 -0.307659 0.385906
-0.771261 0.609349 0.183985
0.694596 -0.707397 0.130868
0.683971 -0.579301 0.443388
-0.522087 0.844754 0.117537
0.422641 -0.884126 0.199237
0.387695 -0.767231 0.51093
0.131655 -0.924305 0.358229
0.150274 -0.988161 0.030905
-0.149539 -0.972437 0.1789
-0.444464 -0.85264 0.274694
-0.184424 -0.849034 0.495105
0.0909534 -0.737591 0.669094
-0.496441 -0.669612 0.552418
-0.218339 -0.631794 0.743751
-0.714752 -0.41148 0.56552
-0.459164 -0.402786 0.79179
-0.823181 -0.0893991 0.560696
-0.584232 -0.0938675 0.80614
-0.800712 0.244744 0.546773
-0.669612 0.552418 0.496441
-0.558545 0.246832 0.791897
0.333001 0.937341 0.102481
0.446091 0.805781 0.389512
0.0333048 0.964909 0.260463
-0.293939 0.887823 0.354076
0.149875 0.82044 0.551738
-0.377712 0.695159 0.611627
-0.0709865 0.655109 0.752193
-0.274162 0.415608 0.86724
-0.316778 0.0660424 0.946198
-0.204972 -0.247596 0.946933
0.0506228 -0.479478 0.876093
0.370329 -0.532386 0.761197
0.671342 -0.325165 0.666008
0.77334 -0.0101776 0.63391
0.728226 0.322009 0.604977
0.50307 0.580638 0.64014
0.233445 0.511205 0.827147
0.483462 0.287294 0.826878
0.523068 -0.0595126 0.85021
0.226811 -0.198844 0.953424
0.220117 0.132792 0.966393
