-0.850651 -0.525731 0
0.964156 0.0918667 0.248925
-0.960655 -0.0815011 0.265518
-0.718266 -0.477682 0.505879
-0.499474 -0.84158 0.205591
0.718266 0.477682 0.505879
0.415139 0.855862 0.308479
-0.279357 -0.703066 0.653955
0 -0.957067 0.289866
-0.0832009 0.971083 0.223774
0.0708124 0.738755 0.670244
0.357403 0.354516 0.86405
0.702907 0 0.711282
0.2458 -0.703903 0.666411
0.298937 -0.231621 0.925737
0.704471 -0.485208 0.51797
0.499474 -0.84158 0.205591
0.92062 -0.387309 0.0495089
-0.56741 0.76732 0.298773
-0.791864 0.335869 0.510043
-0.380651 0.515685 0.767577
-0.560959 -0.0101677 0.827781
-0.089324 0.116532 0.989162
