-0.835602 -0.549336 0
0.984326 0.155411 0.0833631
-0.898967 -0.254807 0.356275
0.67235 0.634705 0.380913
-0.325929 -0.905832 0.270627
-0.661597 -0.649783 0.374263
0.856398 0.0888432 0.508616
0.560723 -0.0304909 0.827442
0.6031 0.368108 0.707649
0.251736 0.295269 0.921654
0.151549 -0.133256 0.979426
0.470402 -0.438625 0.765722
0.938599 -0.239847 0.248001
0.811716 -0.583964 0.0101677
-0.962953 0.198962 0.182033
0.70729 -0.55557 0.437129
0.501498 -0.844857 0.186322
-0.710458 0.563344 0.421773
-0.797442 0.168454 0.579404
-0.510938 0 0.859618
-0.157351 0.19858 0.967371
-0.48624 0.408286 0.772575
-0.228116 -0.341088 0.911933
-0.611627 -0.377712 0.695159
-0.0406752 0.574458 0.817523
0.329009 0.700122 0.633705
0.0330143 0.919041 0.392778
-0.338457 0.743791 0.576387
0.411092 0.899037 0.150786
-0.358204 0.911813 0.200715
0.0906703 -0.608239 0.788558
0.163886 -0.87412 0.457226
-0.305819 -0.690418 0.655589
0.0333925 -0.997915 0.0552311
