-0.850651 -0.525731 0
0.980422 0.158641 0.116645
-0.921654 -0.251736 0.295269
-0.705627 -0.595414 0.384153
-0.561522 -0.824514 0.0697823
0.642899 0.700075 0.310766
0.818208 0.352984 0.453804
-0.370643 -0.823638 0.429237
-0.712955 -0.276969 0.644192
-0.406609 -0.524316 0.748173
-0.060644 -0.729617 0.681162
0.0165232 -0.942539 0.333688
0.200368 0.978852 0.0412509
0.275679 0.861222 0.426964
0.479043 0.574937 0.663299
0.323985 -0.776288 0.54075
-0.217011 0.975678 0.0309524
-0.131749 0.8968 0.422364
0.0708441 0.677308 0.73228
0.529014 -0.827965 0.186058
-0.505993 0.818713 0.27144
-0.334692 0.653497 0.678913
-0.794663 0.606286 0.0304591
-0.97335 0.226892 0.0333095
-0.725299 0.522499 0.448259
-0.892852 0.140501 0.427873
-0.638646 0.214919 0.738878
-0.428312 -0.115314 0.896243
-0.278415 0.310605 0.908851
0.749511 -0.544318 0.376764
0.912945 -0.151539 0.378902
0.14249 0.330834 0.932869
0.603406 0.20039 0.771845
0.672319 -0.2289 0.703983
0.344632 -0.468245 0.813619
0.333169 -0.0660587 0.94055
-0.0718017 -0.316868 0.945748
