-0.850651 -0.525731 0
0.945745 0.26878 0.182547
-0.957124 -0.248152 0.149449
-0.802769 -0.489283 0.340828
-0.646177 -0.739289 0.18949
0.649842 0.745028 0.150462
0.783452 0.516122 0.346153
0.53991 0.706451 0.457628
0.371288 0.895123 0.24678
-0.383023 -0.919095 0.0925047
0.225309 0.812164 0.538168
0.0497061 0.9561 0.288796
0.0834918 -0.996028 0.0309503
-0.106494 0.82711 0.551859
-0.279764 0.929031 0.242142
0.43227 -0.89962 0.0618628
-0.428549 0.74942 0.504694
0.0507852 0.633139 0.772371
-0.280547 0.593773 0.75414
0.375178 0.573635 0.728138
0.657246 0.411078 0.631698
0.855081 0.177481 0.487173
0.657835 0.101072 0.746349
0.394429 0.277175 0.876128
0.0617238 0.3339 0.940585
0.40337 -0.0494888 0.913698
0.0863882 0 0.996262
-0.276626 0.27979 0.919345
-0.237155 -0.049948 0.970187
-0.553372 0.38673 0.737712
-0.53459 0.0697208 0.842231
-0.86199 -0.187894 0.470817
-0.778569 0.100826 0.619406
-0.648117 -0.225306 0.727449
-0.598496 -0.534169 0.597048
-0.365037 -0.33926 0.866978
-0.433122 -0.784819 0.443243
-0.148695 -0.930578 0.334536
-0.303387 -0.630944 0.714049
-0.0506228 -0.479478 0.876093
-0.0202925 -0.786271 0.617549
0.197989 -0.916552 0.347466
0.272133 -0.356294 0.893867
0.276969 -0.644192 0.712955
0.617139 -0.238352 0.749885
0.840178 -0.156434 0.519258
0.581952 -0.54065 0.607478
0.502726 -0.780021 0.372605
0.970505 -0.0614236 0.233124
0.80571 -0.45702 0.37678
-0.99184 0.0790967 0.0999844
0.929336 -0.359903 0.0824854
-0.893867 0.272133 0.356294
-0.698007 0.537883 0.472724
-0.821156 0.54592 0.166353
0.71506 -0.686707 0.130852
-0.586051 0.780587 0.217322
