0.784976 0.616532 0.060844
0.961495 -0.230622 0.149467
-0.979686 0 0.200538
0.479899 0.876776 0.0309894
0.79179 0.459164 0.402786
-0.884897 -0.385051 0.262094
0.962733 0.2514 0.0997129
0.605014 -0.0710037 0.793043
0.295675 0.310458 0.903433
0.26206 -0.116227 0.958027
0.802556 -0.272692 0.530606
0.889988 0.0908733 0.446838
0.43352 -0.422669 0.795871
0.631866 0.302729 0.713513
-0.227026 0.839625 0.493447
0.545041 0.748288 0.378147
-0.0203506 0.550447 0.834622
0.163886 0.87412 0.457226
-0.442991 0.883916 0.149838
0.353435 0.627882 0.693432
-0.64684 0.649448 0.399769
-0.41148 0.56552 0.714752
-0.54592 -0.166353 0.821156
-0.0411561 0.13341 0.990206
-0.828815 -0.118359 0.54686
-0.413274 0.196403 0.889174
-0.0918667 -0.248925 0.964156
-0.894658 0.383186 0.229687
-0.741123 0.288316 0.606309
-0.656592 -0.468515 0.591084
-0.32763 -0.496714 0.8037
0.0164554 -0.870858 0.491259
0.370757 -0.739977 0.561225
-0.0666612 0.984477 0.162362
-0.644192 -0.712955 0.276969
0.0704538 -0.585576 0.80755
0.263677 -0.944158 0.197584
-0.14962 -0.975431 0.161704
0.695159 -0.611627 0.377712
-0.356472 -0.772385 0.52569
-0.740506 0.671973 0.0101683
