0.912025 0.408806 0.03298
0.96215 0.112161 0.24837
-0.90649 0.0721082 0.416025
0.422641 0.884126 0.199237
0.620595 0.671917 0.404216
-0.711034 -0.617893 0.335617
0.816363 0.379516 0.435338
0.579068 -0.110466 0.807761
0.351493 0.148416 0.924351
0.257148 -0.24808 0.933987
0.826544 -0.010177 0.562781
0.635965 0.259046 0.726941
0.488621 -0.458698 0.742189
0.346117 0.493236 0.798073
-0.176527 0.811817 0.556589
0.700386 0.71312 0.0303404
-0.010177 0.586941 0.809565
0.0825026 0.941297 0.327344
-0.341088 0.911933 0.228116
0.301428 0.768229 0.56477
-0.522986 0.712531 0.467745
-0.378147 0.545041 0.748288
-0.429803 -0.0164703 0.902772
0.0276203 0.0167009 0.999479
-0.875475 -0.29055 0.386165
-0.199492 0.29477 0.934512
-0.180051 -0.263314 0.947759
-0.721522 -0.080823 0.687658
-0.610926 0.25518 0.749435
-0.634846 -0.435687 0.63808
-0.316672 -0.540377 0.779559
-0.0810551 -0.766069 0.637627
0.282369 -0.737264 0.613767
0.0667981 -0.997767 0
-0.441328 -0.881197 0.169474
0.0588708 -0.524819 0.849175
0.295186 -0.911593 0.286117
-0.0991659 -0.94197 0.320716
0.581715 -0.707769 0.400838
-0.413246 -0.752689 0.51253
0.766941 -0.40881 0.494647
0.811161 -0.56248 0.160105
-0.993068 -0.0617931 0.0999833
-0.783852 0.409087 0.467145
-0.749786 0.634579 0.187432
0.562125 -0.825531 0.0501471
0.947332 -0.237036 0.215352
-0.936504 0.31746 0.148931
