-0.850651 -0.525731 0
0.987688 0.0822425 0.133071
-0.925663 -0.1521 0.346431
-0.669276 -0.587422 0.454978
-0.493826 -0.865912 0.0795738
0.601501 0.707107 0.371748
0.797844 0.291536 0.527686
-0.644334 -0.1979 0.738694
-0.307772 -0.553959 0.773567
-0.164016 -0.882055 0.441675
0 0.99985 0.0172983
0.147475 0.865553 0.478611
0.400749 0.481669 0.779356
-0.0799385 0.573242 0.815477
-0.406737 0.212418 0.888506
0.0924216 0.149541 0.984427
0.537557 0.0101677 0.843166
0.102481 -0.333001 0.937341
0.834306 -0.19509 0.515629
0.475195 -0.535005 0.698541
0.323903 -0.869647 0.372561
0.737264 -0.613767 0.282369
-0.929983 0.354043 0.0989206
-0.779297 0.264668 0.56802
-0.496441 0.669612 0.552418
-0.508616 0.856398 0.0888432
