-0.850651 -0.525731 0
0.99183 0.117336 0.0500511
0.847192 0.350433 0.399327
0.618049 0.721243 0.312769
-0.893867 -0.272133 0.356294
-0.661597 -0.649783 0.374263
-0.46365 -0.883919 0.0609563
0.898418 -0.0815067 0.43151
0.946198 -0.316778 0.0660424
-0.922861 0.171719 0.344732
0.76112 -0.495547 0.418485
0.72085 -0.692427 0.0303309
-0.725677 0.562248 0.396573
-0.723246 -0.0405162 0.689401
-0.530463 -0.433071 0.728738
-0.552108 0.360745 0.751692
-0.360716 -0.0330211 0.932091
-0.276416 -0.836557 0.47304
-0.119078 -0.57114 0.812169
0.180328 -0.791892 0.583429
0.373379 -0.903575 0.210095
-0.0333915 -0.996806 0.0725429
-0.43277 0.867059 0.246816
0.214921 0.921523 0.323426
-0.14359 0.810272 0.568191
-0.148692 0.474295 0.867718
0.265144 0.680462 0.683132
0.568898 0.354664 0.742003
0.202078 0.214931 0.955494
0.0412509 -0.200368 0.978852
0.53459 -0.0697208 0.842231
0.444339 -0.485834 0.75268
