-0.850651 -0.525731 0
0.965931 0.253935 0.0499438
0.86701 0.403661 0.292149
0.715788 0.657367 0.235617
-0.656004 -0.753045 0.0508214
-0.759269 -0.588195 0.278456
-0.912504 -0.325688 0.247514
0.942117 0.112543 0.315831
-0.985095 -0.0412273 0.167
0.990313 -0.0963765 0.0999554
0.687574 0.519216 0.507599
0.800712 0.244744 0.546773
-0.952437 0.26561 0.149385
0.911107 -0.390534 0.131782
0.907052 -0.190661 0.375374
0.781333 -0.0608857 0.621137
0.620698 0.150979 0.769376
0.504694 0.428549 0.74942
-0.82711 0.551859 0.106494
0.748864 -0.6403 0.170933
0.777195 -0.460913 0.428402
0.656665 -0.332029 0.677162
0.501613 -0.125099 0.855999
0.358229 0.131655 0.924305
0.228706 0.40347 0.885949
0.220117 -0.132792 0.966393
0.395576 -0.405639 0.824001
0.0617124 0.133269 0.989157
0.534169 -0.597048 0.598496
0.536103 -0.767272 0.351976
-0.621137 0.781333 0.0608857
0.397184 -0.909626 0.121761
0.296929 -0.788833 0.538123
0.179094 -0.613657 0.768993
0.051542 -0.383988 0.921898
-0.0996199 -0.133178 0.986073
0.165615 -0.936027 0.310525
0 -0.835602 0.549336
-0.120883 -0.640868 0.758073
-0.256053 -0.386306 0.886118
-0.296929 -0.788833 0.538123
-0.526633 -0.785317 0.325477
-0.165615 -0.936027 0.310525
-0.429454 -0.561193 0.707553
-0.677939 -0.472104 0.563486
-0.383023 -0.919095 0.0925047
-0.528204 -0.286368 0.799371
-0.387309 -0.0495089 0.92062
-0.830887 -0.214309 0.513516
-0.661294 -0.0203253 0.749852
-0.898418 0.0815067 0.43151
-0.827488 0.403514 0.390436
-0.732517 0.252431 0.632217
-0.493447 0.227026 0.839625
-0.207309 0.279403 0.937527
-0.664772 0.664361 0.341617
-0.584504 0.512703 0.62888
-0.325477 0.526633 0.785317
-0.0305178 0.562543 0.826205
0.485234 0.851954 0.19678
0.476243 0.737138 0.479395
0.29391 0.643654 0.706631
0 -0.998654 0.0518743
0.198489 0.964427 0.174592
0.196015 0.865871 0.460267
-0.060844 0.784976 0.616532
-0.380679 0.727991 0.570186
-0.0660587 0.94055 0.333169
-0.371124 0.879273 0.298573
