-0.795155 -0.60006 0.087495
0.930348 0.348074 0.115316
-0.982629 -0.109784 0.149623
-0.537969 -0.842437 0.0298098
0.74673 0.590793 0.305545
-0.70729 -0.55557 0.437129
0.861255 0.236644 0.449711
0.327344 0.0825026 0.941297
-0.0103365 0.351222 0.936235
0.243935 -0.310651 0.91869
0.828815 -0.118359 0.54686
0.632754 0.231881 0.738819
0.578807 -0.153791 0.800831
0.334242 0.42887 0.839257
0.141601 0.856789 0.495845
0.457924 0.830318 0.317612
-0.0608514 0.666745 0.742798
0.199641 0.976427 0.0820588
-0.222468 0.856885 0.465034
0.523538 0.613073 0.591649
-0.530789 0.658643 0.533341
-0.372904 0.475231 0.79693
-0.628515 -0.0304597 0.777201
-0.010322 -0.0501069 0.998691
-0.830887 -0.214309 0.513516
-0.31746 0.148931 0.936504
-0.323426 -0.214921 0.921523
-0.901416 0.131156 0.41261
-0.685833 0.318015 0.654599
-0.562248 -0.396573 0.725677
-0.166729 -0.530835 0.830912
-0.0736115 -0.823654 0.562295
0.535921 -0.502118 0.678725
-0.182302 0.976766 0.112669
-0.310458 -0.903433 0.295675
0.179588 -0.63614 0.750382
0.444472 -0.886287 0.130156
0.049948 -0.970187 0.237155
0.319506 -0.82331 0.469123
-0.409584 -0.690735 0.595924
0.881166 -0.370738 0.293428
0.811716 -0.583964 0.0101677
-0.962003 0.264825 0.0664684
-0.800468 0.481926 0.356369
-0.588313 0.784024 0.197976
0.652147 -0.671869 0.351136
0.979477 -0.0206298 0.200496
