-0.850651 -0.525731 0
0.9843 0.16928 0.0499761
0.857229 0.373997 0.353955
0.656161 0.698996 0.284354
-0.903433 -0.295675 0.310458
-0.698692 -0.626546 0.345356
-0.536948 -0.840786 0.0690419
0.923067 -0.0103365 0.3845
0.719734 0.189736 0.667819
0.558011 0.536062 0.633452
0.727958 -0.199331 0.656006
0.465658 0 0.884965
0.306551 0.355958 0.882791
0.335116 0.821198 0.461879
0.121193 0.662842 0.738886
0.215449 0.970015 0.112485
-0.0493877 0.88338 0.466048
-0.182302 0.976766 0.112669
-0.215481 -0.937963 0.27165
-0.38673 -0.737712 0.553372
0.182444 -0.940654 0.286156
0 -0.803469 0.595347
0.421509 -0.386032 0.820554
0.374471 -0.717969 0.586764
0.0496035 -0.510045 0.858716
0.116967 -0.133245 0.984157
0.698007 -0.537883 0.472724
0.549211 -0.804651 0.225618
0.916552 -0.347466 0.197989
-0.777201 0.628515 0.0304597
-0.508697 0.823089 0.252492
-0.975431 0.161704 0.14962
-0.80571 0.45702 0.37678
-0.368108 0.707649 0.6031
-0.856398 0.0888432 0.508616
-0.58753 0.400082 0.703379
-0.187894 0.470817 0.86199
-0.200013 0.0997764 0.9747
-0.583727 0.030491 0.811377
-0.706631 -0.29391 0.643654
-0.351867 -0.263143 0.898301
