-0.85208833 -0.52338887 -0.0030919664
0.98941406 -0.10634245 0.098747645
-0.85810607 -0.11097484 0.50133677
-0.72315272 0.60904076 0.32575987
0.69386828 -0.63330612 0.3427392
0.74605639 0.28634336 0.60117164
0.47991612 -0.26546837 0.83618602
-0.46021403 0.27456026 0.84428651
0.18440005 0.30701496 0.93366934
-0.16242113 -0.29687238 0.94100274
-0.5177007 -0.66537767 0.53782762
0.11905326 -0.78289261 0.61065988
0.25190245 -0.96775262 0.00012914514
0.36532795 0.90908347 0.20025664
-0.12409849 0.7817424 0.61112878
