-0.85573759 -0.51646191 0.031309462
0.97655924 0.19638437 0.088120523
-0.89513848 -0.30631564 0.32387935
-0.69168132 -0.64314575 0.32854301
-0.61650736 -0.78733508 0.0047076419
0.73059269 0.61639777 0.2937484
0.85901759 0.29994017 0.41487913
-0.96583284 0.042481615 0.25566043
0.98250141 -0.16591874 0.084628355
0.90458012 -0.059479451 0.42213389
0.67931156 0.18861356 0.70919725
0.58789984 0.52620453 0.61439611
0.44061159 0.7937333 0.4193434
0.31206871 0.94304732 0.11521665
-0.40037837 -0.87151642 0.28311895
-0.067733815 -0.98089378 0.18237208
-0.12962294 -0.84288468 0.52224835
-0.44318721 -0.67453414 0.5904141
-0.68661521 -0.40639299 0.60283025
-0.81046973 -0.066485664 0.58199526
0.20797485 -0.89248526 0.40027058
-0.044709341 0.98576509 0.16207508
0.092048885 0.87337733 0.4782668
0.26233369 0.65312805 0.71035542
0.38680741 0.34490185 0.85523257
-0.098460505 0.68476894 0.72207834
0.034449893 0.40682946 0.91285436
-0.2685317 0.85206076 0.44931425
0.32657976 -0.94315811 0.061631874
-0.53573032 0.81866748 0.20682509
-0.89386855 0.41924458 0.15884907
0.74034083 -0.67015722 0.052771235
0.85294661 -0.42846516 0.29816053
0.54288292 -0.76766331 0.34054543
-0.82585293 0.28305903 0.4876931
-0.64775572 0.59823743 0.47172506
-0.42068003 0.52032663 0.74316118
-0.60895652 0.20311741 0.76675637
-0.55113242 -0.15051257 0.82073081
-0.28634858 0.23897591 0.92784429
-0.3270729 -0.43677726 0.838003
-0.22200177 -0.11534307 0.96819998
0.097685021 0.057033571 0.99358182
-0.018572839 -0.61931773 0.78492084
0.31959821 -0.67349414 0.66653035
0.082150645 -0.31116032 0.94680017
0.44203293 -0.010797694 0.89693384
0.69660327 -0.17311097 0.69625892
0.42070863 -0.3662851 0.82996354
0.63719564 -0.51029536 0.57756417
