-0.850651 -0.525731 0
0.970736 0.210106 0.116307
-0.936127 -0.264442 0.231813
-0.753635 -0.559719 0.344599
-0.619406 -0.778569 0.100826
0.656783 0.711262 0.250484
0.830721 0.411329 0.375114
-0.785715 -0.273707 0.55474
0.89962 0.0618628 0.43227
0.703263 0.240945 0.668854
0.578625 0.568289 0.585014
0.411329 0.375114 0.830721
0.506262 0.0164526 0.862223
0.742302 -0.170013 0.648138
0.185946 0.133106 0.973502
0.461879 -0.335116 0.821198
0.142705 -0.230901 0.962455
0.978134 -0.144411 0.149665
-0.97204 0.0921453 0.215979
0.83748 -0.393261 0.379438
0.595223 -0.56178 0.574554
0.887356 -0.460791 0.0164666
0.692391 -0.686639 0.221635
-0.832121 0.0792333 0.548905
-0.845966 0.416024 0.333565
-0.692575 0.7054 0.150834
0.261919 -0.619543 0.739977
0.381484 -0.813301 0.439331
0.448335 -0.892376 0.0515918
-0.664252 0.392988 0.635869
-0.535005 0.698541 0.475195
-0.310605 0.908851 0.278415
-0.605777 -0.0507458 0.794015
-0.158898 -0.0333282 0.986732
-0.399636 0.229049 0.887597
-0.349218 0.565047 0.747508
-0.0721097 0.383478 0.920731
-0.137243 0.799775 0.584401
0.1305 0.629033 0.766347
0.308793 0.806698 0.50387
0.0495553 0.950714 0.306082
0.378902 0.912945 0.151539
0.10021 -0.994752 0.0206402
0.0495148 -0.927194 0.371295
-0.279094 -0.941319 0.189803
-0.473026 -0.765372 0.436409
-0.060813 -0.74868 0.660137
-0.119755 -0.460882 0.879344
-0.45702 -0.37678 0.80571
