-0.827442 -0.560723 0.030491
0.977844 0.0616677 0.200046
-0.920698 -0.142013 0.363521
-0.623409 -0.574926 0.529926
-0.924351 0.351493 0.148416
0.820554 -0.421509 0.386032
0.63391 -0.77334 0.0101776
0.739589 0.452324 0.498409
0.648983 -0.0709408 0.757488
0.403894 -0.553322 0.728495
-0.13086 -0.651286 0.747464
0.230712 -0.907953 0.349848
-0.310659 -0.91392 0.261232
0.447174 0.857113 0.255718
-0.0833137 0.98145 0.172667
0.109784 -0.149623 0.982629
-0.435439 -0.180202 0.881998
0.340573 0.355117 0.870576
0.0810551 0.766069 0.637627
-0.453566 0.733886 0.505657
-0.697319 0.257874 0.668765
-0.210686 0.340897 0.916188
