-0.850651 -0.525731 0
0.977835 0.203321 0.0499845
-0.908422 -0.310932 0.279448
-0.723153 -0.609041 0.32576
-0.610367 -0.791532 0.0304824
0.691288 0.662262 0.289015
0.86405 0.357403 0.354516
-0.975678 0.0309524 0.217011
0.983061 -0.141337 0.116682
0.901372 0 0.433045
0.722625 0.216454 0.656476
0.581952 0.54065 0.607478
0.407498 0.799398 0.441484
0.315162 0.9397 0.132802
-0.442867 -0.828447 0.342848
-0.149539 -0.972437 0.1789
-0.135473 -0.847682 0.512916
-0.417811 -0.642587 0.642274
-0.686338 -0.397198 0.609241
-0.840786 -0.0690419 0.536948
0.165129 -0.924096 0.344643
-0.0333764 0.991689 0.12425
0.0658169 0.892927 0.445365
0.259957 0.644544 0.719017
0.441176 0.313409 0.840916
-0.0907758 0.697777 0.71054
0.0721082 0.416025 0.90649
-0.282027 0.844463 0.455349
0.351079 -0.935833 0.0309919
-0.56006 0.794224 0.235673
-0.911107 0.390534 0.131782
0.749387 -0.660884 0.0406421
0.859517 -0.419913 0.291383
0.540927 -0.785857 0.299712
-0.842217 0.283442 0.458618
-0.644433 0.577116 0.501641
-0.398787 0.511644 0.761045
-0.632754 0.231881 0.738819
-0.579068 -0.110466 0.807761
-0.330607 0.198387 0.922682
-0.349541 -0.36982 0.860845
-0.148398 -0.100044 0.983854
0.155411 0.0833631 0.984326
-0.0906703 -0.608239 0.788558
0.214919 -0.738878 0.638646
0.112747 -0.349383 0.930172
0.48638 -0.032906 0.873128
0.714464 -0.206848 0.668398
0.449321 -0.392194 0.80268
0.643236 -0.540848 0.541969
