-0.850651 -0.525731 0
0.99183 0.117336 0.0500511
0.847192 0.350433 0.399327
0.602856 0.71438 0.355282
-0.893867 -0.272133 0.356294
-0.661597 -0.649783 0.374263
-0.464213 -0.88476 0.0412992
0.848029 -0.0784591 0.52411
0.946198 -0.316778 0.0660424
-0.922861 0.171719 0.344732
0.74942 -0.504694 0.428549
0.72085 -0.692427 0.0303309
-0.725677 0.562248 0.396573
-0.723246 -0.0405162 0.689401
-0.530463 -0.433071 0.728738
-0.552108 0.360745 0.751692
-0.317329 -0.0165241 0.948172
-0.254379 -0.855109 0.451751
-0.119078 -0.57114 0.812169
0.180328 -0.791892 0.583429
0.373379 -0.903575 0.210095
-0.0333915 -0.996806 0.0725429
-0.43277 0.867059 0.246816
0.214921 0.921523 0.323426
-0.14359 0.810272 0.568191
-0.148692 0.474295 0.867718
0.257874 0.668765 0.697319
0.568898 0.354664 0.742003
0.202078 0.214931 0.955494
0.122476 -0.231615 0.965067
0.53459 -0.0697208 0.842231
0.444339 -0.485834 0.75268
