0.280319 -0.790112 0.545109
0.946748 0.275921 0.165941
-0.812225 -0.550529 0.192895
0.68071 0.689192 0.24829
-0.383478 -0.920731 0.0721097
-0.601099 -0.506207 0.618412
0.875091 -0.0702728 0.47883
0.551042 -0.0634368 0.832063
0.700376 0.362647 0.614785
0.287919 0.325822 0.900523
0.246816 -0.43277 0.867059
0.641651 -0.475267 0.602001
0.857328 -0.489967 0.157864
-0.796225 0.513832 0.319378
-0.987429 0.106693 0.116623
0.550447 -0.834622 0.0203506
0.100061 -0.986311 0.13107
-0.407498 0.799398 0.441484
-0.846555 -0.0980171 0.5232
-0.516324 -0.0328985 0.855761
-0.0725429 0.0333915 0.996806
-0.547005 0.427509 0.719737
-0.228706 -0.40347 0.885949
-0.209133 -0.812317 0.54443
-0.0906703 0.608239 0.788558
0.351896 0.709459 0.610604
0.0495495 0.945267 0.322513
