0.843166 0.537557 0.0101677
0.979477 0.0206298 0.200496
0.728495 0.403894 0.553322
0.722763 -0.170263 0.669795
0.316139 0.231386 0.920063
0.23606 -0.325939 0.915445
0.502118 -0.678725 0.535921
0.845478 -0.524065 0.102577
-0.928094 0.132432 0.347999
-0.741793 -0.396286 0.541017
-0.325688 -0.247514 0.912504
-0.110825 -0.716795 0.688421
-0.447174 -0.857113 0.255718
0.116287 -0.96692 0.227031
0.443956 0.841094 0.308973
-0.575129 0.240593 0.781883
-0.620595 0.671917 0.404216
-0.115316 0.930348 0.348074
-0.109641 0.583686 0.804543
