-0.850651 -0.525731 0
0.956201 0.241032 0.16608
-0.954966 -0.233959 0.182491
-0.792115 -0.499121 0.35133
-0.637962 -0.753248 0.160069
0.646177 0.739289 0.18949
0.797818 0.474492 0.371946
-0.834306 -0.19509 0.515629
-0.619551 -0.442176 0.648565
-0.488648 -0.723771 0.487216
-0.621117 -0.10777 0.776273
-0.365037 -0.33926 0.866978
-0.243005 -0.644573 0.724896
-0.163706 -0.865919 0.472637
-0.329196 -0.93024 0.162123
0.342904 0.919694 0.191259
0.448734 0.754077 0.479589
0.0166645 -0.979742 0.19957
0 0.987904 0.155065
0.114919 0.872471 0.474962
0.0909534 -0.737591 0.669094
-0.0103356 -0.448875 0.893535
0.292149 -0.86701 0.403661
0.317401 -0.947785 0.0309918
-0.229049 0.887597 0.399636
-0.524773 0.821105 0.224501
0.575376 -0.791174 0.207332
-0.767889 0.639293 0.0406258
0.435687 -0.63808 0.634846
0.341572 -0.385011 0.857377
0.70729 -0.55557 0.437129
0.648761 -0.322337 0.689353
0.896905 -0.403788 0.180323
0.995302 -0.0828611 0.0500812
0.881197 -0.169474 0.441328
0.830912 0.166729 0.530835
-0.924096 0.344643 0.165129
-0.87463 0.159117 0.457934
-0.746865 0.536894 0.392349
-0.657367 0.235617 0.715788
-0.467086 0.68887 0.554337
-0.130852 0.71506 0.686707
-0.381266 0.460735 0.801473
-0.390534 0.131782 0.911107
-0.124039 -0.116672 0.985394
0.628515 0.0304597 0.777201
0.322513 -0.0495495 0.945267
0.619094 0.412866 0.66803
0.225967 0.64439 0.730548
0.370738 0.293428 0.881166
0.0206298 0.200496 0.979477
