0.819715 0.57241 0.0203244
0.819222 0.326128 0.471716
0.481321 0.0493738 0.875153
0.598496 0.534169 0.597048
0.0507467 0.776552 0.628006
-0.61765 0.56516 0.546902
-0.406511 0.131786 0.904092
-0.0822425 0.133071 0.987688
-0.208476 -0.437514 0.874711
-0.0329071 -0.864574 0.501427
0.654295 -0.595297 0.46639
0.79171 -0.308557 0.527246
-0.853334 0.521105 0.0164517
-0.997554 -0.0206286 0.0667839
-0.700072 -0.447305 0.556613
-0.79171 0.308557 0.527246
0.530606 0.802556 0.272692
-0.471276 0.790536 0.391091
-0.0166995 0.998851 0.04492
0.5 -0.809017 0.309017
-0.454565 -0.568385 0.685791
0.446977 0.366027 0.816233
0.181965 0.294425 0.938191
0.19957 -0.0166645 0.979742
0.0399848 0.55014 0.834115
-0.228706 0.40347 0.885949
-0.51093 0.387695 0.767231
-0.25519 -0.132768 0.957732
0.320203 0.630114 0.707408
-0.327512 0.641931 0.693297
0.337334 -0.294368 0.894177
0.563344 -0.421773 0.710458
0.0203965 -0.266349 0.963661
0.0988323 -0.547978 0.830634
-0.170379 -0.690843 0.702643
0.351136 -0.652147 0.671869
-0.476226 -0.303801 0.825175
0.745339 0.583691 0.322141
0.951056 0.16246 0.262866
0.850487 0.0196337 0.52563
0.943879 -0.142749 0.297852
0.853703 -0.44469 0.271003
0.964909 -0.260463 0.0333048
0.683488 0.194886 0.703465
0.677289 -0.120968 0.725704
-0.818438 -0.500892 0.281541
-0.930534 -0.216955 0.295021
-0.95191 -0.306378 0
-0.868613 0 0.49549
-0.937527 0.207309 0.279403
-0.806698 0.50387 0.308793
-0.702643 -0.170379 0.690843
-0.665958 0.131075 0.734383
0.303801 0.825175 0.476226
0.299185 0.948702 0.102238
0.0495584 0.939526 0.338874
-0.610367 -0.791532 0.0304824
-0.263957 0.940255 0.215054
-0.200619 0.848962 0.488892
-0.659941 0.733998 0.160388
-0.0997436 -0.967138 0.233871
0.230749 -0.956736 0.177234
0.254379 -0.855109 0.451751
0.46461 -0.885516 0
0.694596 -0.707397 0.130868
-0.330215 -0.813172 0.479279
-0.390469 -0.898629 0.199999
-0.604015 -0.721421 0.338701
