-0.84577 -0.532883 0.0266209
0.970736 0.210106 0.116307
-0.933987 -0.257148 0.24808
-0.739977 -0.561225 0.370757
-0.607292 -0.78678 0.110339
0.656783 0.711262 0.250484
0.830721 0.411329 0.375114
-0.76687 -0.272661 0.581005
0.89962 0.0618628 0.43227
0.703263 0.240945 0.668854
0.578625 0.568289 0.585014
0.411329 0.375114 0.830721
0.506262 0.0164526 0.862223
0.742302 -0.170013 0.648138
0.185946 0.133106 0.973502
0.461879 -0.335116 0.821198
0.142705 -0.230901 0.962455
0.978134 -0.144411 0.149665
-0.970015 0.112485 0.215449
0.83748 -0.393261 0.379438
0.595223 -0.56178 0.574554
0.887356 -0.460791 0.0164666
0.692391 -0.686639 0.221635
-0.823181 0.0893991 0.560696
-0.836323 0.42648 0.344498
-0.692575 0.7054 0.150834
0.259957 -0.644544 0.719017
0.40131 -0.81722 0.413644
0.448335 -0.892376 0.0515918
-0.649448 0.399769 0.64684
-0.535005 0.698541 0.475195
-0.310605 0.908851 0.278415
-0.551859 -0.106494 0.82711
-0.196622 -0.066625 0.978213
-0.415958 0.228338 0.880251
-0.349218 0.565047 0.747508
-0.0721097 0.383478 0.920731
-0.1207 0.798475 0.589804
0.150073 0.627589 0.763944
0.325185 0.804829 0.496492
0.0495553 0.950714 0.306082
0.364972 0.922944 0.122354
0.10021 -0.994752 0.0206402
0.0495148 -0.927194 0.371295
-0.295192 -0.926243 0.234383
-0.453566 -0.733886 0.505657
-0.101072 -0.746349 0.657835
-0.149838 -0.442991 0.883916
-0.488621 -0.458698 0.742189
