-0.835429 -0.549222 0.0203324
0.941542 0.293271 0.165805
-0.95163 -0.258519 0.166038
0.776288 0.54075 0.323985
0.618331 0.77663 0.120472
-0.631794 -0.743751 0.218339
-0.800468 -0.481926 0.356369
0.848498 0.216004 0.483108
0.515515 0.733853 0.442385
0.642364 0.446833 0.622663
0.641321 0.127792 0.756555
0.337334 0.294368 0.894177
0.355282 0.602856 0.71438
0.355142 -0.0495457 0.933498
0.597537 -0.217357 0.77182
0.828815 -0.118359 0.54686
0.971515 -0.0410412 0.233395
-0.99184 0.0790967 0.0999844
0.929983 -0.354043 0.0989206
0.806691 -0.423639 0.412042
0.56766 -0.51898 0.639079
0.333589 -0.399919 0.853688
0.758008 -0.636058 0.144407
0.545041 -0.748288 0.378147
0.281913 -0.679996 0.676853
0.228338 -0.880251 0.415958
0.381806 -0.917404 0.112226
-0.607292 0.78678 0.110339
-0.830812 0.529135 0.172532
-0.890128 0.264129 0.37136
-0.89962 -0.0618628 0.43227
-0.720456 -0.286472 0.631567
-0.702335 0.0403193 0.710703
-0.686227 0.369805 0.626368
-0.627308 0.649933 0.429035
-0.568289 -0.585014 0.578625
-0.0304591 -0.794663 0.606286
-0.366027 -0.816233 0.446977
-0.0827196 -0.947061 0.310213
-0.364972 -0.922944 0.122354
-0.278954 -0.619244 0.733977
0.0298098 -0.537969 0.842437
-0.441176 -0.313409 0.840916
0.0614236 -0.233124 0.970505
-0.260463 -0.0333048 0.964909
0.0617931 0.0999833 0.993068
-0.465034 0.222468 0.856885
-0.161663 0.361899 0.918093
-0.403894 0.553322 0.728495
0.0304824 0.610367 0.791532
0.279403 0.937527 0.207309
0.188796 0.831073 0.523138
-0.163896 0.791151 0.589252
-0.370379 0.867267 0.332667
-0.0495553 0.950714 0.306082
0.0667839 -0.997554 0.0206286
