-0.850651 -0.525731 0
0.97335 0.226892 0.0333095
-0.889916 -0.361352 0.278342
-0.714445 -0.6386 0.285935
0.63391 0.77334 0.0101776
0.713513 0.631866 0.302729
0.873614 0.348374 0.339756
-0.971515 -0.0410412 0.233395
-0.714084 -0.439869 0.54461
-0.842629 -0.137012 0.520773
-0.624937 -0.177504 0.760228
-0.727956 0.131116 0.67297
-0.885949 0.228706 0.40347
-0.465287 0.0985897 0.879652
-0.359158 0.413488 0.83668
-0.685791 0.454565 0.568385
-0.330607 -0.198387 0.922682
-0.45399 -0.46843 0.757935
-0.478214 -0.706882 0.52118
-0.420581 -0.880517 0.218637
-0.848962 0.488892 0.200619
0.97853 -0.206103 0
0.963861 0 0.266405
0.865553 -0.478611 0.147475
0.861701 -0.291352 0.415435
0.821534 0.108973 0.559649
0.656592 0.468515 0.591084
-0.700676 0.713407 0.0101776
-0.616069 0.707565 0.346136
-0.412866 0.66803 0.619094
0.700912 -0.579458 0.415874
0.522349 -0.817187 0.243634
-0.430583 0.896869 0.101119
-0.261444 0.877768 0.401461
0.702643 -0.170379 0.690843
0.593507 0.190388 0.781986
0.439815 -0.0823427 0.894306
0.522499 -0.448259 0.725299
0.427509 -0.719737 0.547005
0.254807 -0.356275 0.898967
-0.0721082 -0.416025 0.90649
0.170013 -0.648138 0.742302
-0.170263 -0.669795 0.722763
-0.196015 -0.865871 0.460267
0.1312 -0.864929 0.484442
0.230749 -0.956736 0.177234
-0.0999958 -0.981097 0.165681
-0.0834017 0.989173 0.120751
0.299185 0.948702 0.102238
0.0412254 -0.100118 0.994121
-0.112485 0.215449 0.970015
0.233959 0.182491 0.954966
0.0692064 0.509432 0.857723
0.0824592 0.909184 0.408148
0.450033 0.812154 0.371316
-0.0809591 0.747667 0.65912
0.259046 0.726941 0.635965
0.399381 0.456698 0.794935
