-0.771546 -0.591475 0.234254
0.942119 0.300289 0.149123
-0.937527 -0.207309 0.279403
0.712387 0.624983 0.31922
-0.525326 -0.849995 0.0392598
-0.46843 -0.757935 0.45399
0.846555 0.0980171 0.5232
0.549336 0 0.835602
0.595924 0.409584 0.690735
0.251736 0.295269 0.921654
0.124039 -0.116672 0.985394
0.52158 -0.423231 0.74083
0.967371 -0.157351 0.19858
-0.843166 0.537557 0.0101677
-0.946933 0.204972 0.247596
0.7643 -0.503322 0.403129
0.566504 -0.804645 0.177822
-0.737478 0.513679 0.438475
-0.80067 0.0203507 0.59876
-0.490127 -0.114886 0.864047
-0.174592 0.198489 0.964427
-0.547979 0.307498 0.777923
-0.335869 -0.510043 0.791864
-0.700485 -0.390037 0.597655
-0.0203507 0.59876 0.80067
0.356472 0.772385 0.52569
-0.0658268 0.876914 0.476118
-0.396953 0.670298 0.627
0.198489 0.964427 0.174592
-0.494829 0.834056 0.243918
0.117537 -0.522087 0.844754
0.350606 -0.763171 0.542813
-0.0608998 -0.802005 0.594204
0.200368 -0.978852 0.0412509
-0.182491 -0.954966 0.233959
