-0.850651 -0.525731 0
0.809017 0.309017 0.5
0.525731 0 0.850651
0.281821 0.489399 0.825267
0 0.850651 0.525731
-0.621306 0.53791 0.569764
-0.525731 0 0.850651
0.010322 -0.0501069 0.998691
-0.630816 -0.520528 0.575431
0 -0.850651 0.525731
0.281821 -0.489399 0.825267
0.819222 -0.326128 0.471716
0.873409 -0.438297 0.212255
-0.999442 0 0.0334035
-0.814022 -0.290285 0.503093
-0.820401 0.300607 0.486392
0.489399 0.825267 0.281821
-0.548854 0.754493 0.359861
-0.0334035 -0.999442 0
0.503093 -0.814022 0.290285
-0.541017 -0.741793 0.396286
0.433889 0.259892 0.862668
0.0818625 0.299696 0.950516
0.271405 0.0498366 0.961174
-0.0799385 0.573242 0.815477
-0.218659 0.325787 0.91981
-0.481926 0.356369 0.800468
-0.260463 0.0333048 0.964909
0.160622 0.702046 0.69378
-0.341617 0.664772 0.664361
0.0921981 -0.316419 0.944128
0.366576 -0.230237 0.901451
-0.207309 -0.279403 0.937527
-0.0596036 -0.54962 0.833286
-0.291618 -0.667844 0.684795
0.160622 -0.702046 0.69378
-0.43352 -0.422669 0.795871
0.862668 0.433889 0.259892
0.954052 0.142301 0.263694
0.867921 -0.0403044 0.495064
0.95694 -0.152612 0.246931
0.673636 -0.596025 0.437001
-0.958586 0.284322 0.0165274
0.718656 0.120998 0.684758
0.702643 -0.170379 0.690843
-0.826878 -0.483462 0.287294
-0.944806 -0.172245 0.278699
-0.961938 -0.273266 0
-0.850651 0 0.525731
-0.950468 0.132444 0.281192
-0.863857 0.440683 0.244027
-0.648117 -0.225306 0.727449
-0.688745 0.177782 0.702869
0.259892 0.862668 0.433889
0.262866 0.951056 0.16246
0 0.961938 0.273266
0.702046 0.69378 0.160622
-0.263694 0.954052 0.142301
-0.275679 0.861222 0.426964
-0.734383 0.665958 0.131075
0 -0.961938 0.273266
0.280417 -0.947665 0.152636
0.271003 -0.853703 0.44469
-0.52563 0.850487 0.0196337
0.71304 -0.68471 0.150817
-0.282027 -0.844463 0.455349
-0.278699 -0.944806 0.172245
-0.49549 -0.868613 0
-0.692575 -0.7054 0.150834
0.454978 0.669276 0.587422
0.603556 0.419176 0.678241
0.688191 0.587785 0.425325
0.547005 -0.427509 0.719737
0.437001 -0.673636 0.596025
