-0.850651 -0.525731 0
0.952973 0.286245 0.0995262
0.836557 0.47304 0.276416
-0.929547 -0.320632 0.182039
-0.790112 -0.545109 0.280319
-0.834907 -0.325964 0.443484
-0.676144 -0.731129 0.0909896
0.691585 0.697528 0.187522
0.6588 0.604016 0.448494
-0.589575 -0.720854 0.364378
-0.652746 -0.523467 0.547636
-0.994137 -0.0688389 0.083388
-0.928088 -0.0618653 0.367185
0.493826 0.865912 0.0795738
0.478987 0.803008 0.354613
-0.422641 -0.884126 0.199237
-0.345798 -0.810963 0.471978
-0.404216 -0.620595 0.671917
-0.147705 -0.735916 0.660765
-0.0823427 -0.894306 0.439815
-0.149539 -0.972437 0.1789
0.232233 0.967277 0.102196
0.21365 0.902577 0.373776
0.322141 0.745339 0.583691
0.0507777 0.810728 0.583217
-0.0166574 0.972239 0.233397
0.100118 -0.994121 0.0412254
0.165615 -0.936027 0.310525
0.137243 -0.799775 0.584401
-0.196334 0.881675 0.429071
-0.296197 0.941221 0.162389
0.381806 -0.917404 0.112226
0.381484 -0.813301 0.439331
0.0710561 -0.609083 0.789917
-0.19509 -0.515629 0.834306
0.344116 -0.640787 0.686277
-0.439331 -0.381484 0.813301
-0.668671 -0.272308 0.691901
-0.791532 -0.0304824 0.610367
-0.507198 -0.108758 0.85494
-0.254397 -0.215468 0.942792
-0.626099 0.134388 0.768075
0.0206686 -0.367868 0.929648
0.283065 -0.430014 0.857299
-0.337778 0.0989293 0.936012
-0.0863882 0 0.996262
0.168773 -0.133201 0.976613
-0.444267 0.339873 0.828923
-0.181691 0.327428 0.927243
-0.170379 0.690843 0.702643
0.100826 0.619406 0.778569
-0.433177 0.60063 0.672013
-0.458327 0.769585 0.444606
-0.657134 0.38368 0.648818
-0.837985 0.224768 0.497253
-0.956736 0.177234 0.230749
-0.669276 0.587422 0.454978
-0.850353 0.430613 0.302444
-0.553466 0.811572 0.187153
-0.766526 0.631317 0.1178
0.62024 -0.780204 0.0811419
-0.912025 0.408806 0.03298
0.801649 -0.573042 0.170242
0.627882 -0.693432 0.353435
0.984326 -0.155411 0.0833631
0.894177 -0.337334 0.294368
0.962057 0.0611555 0.265906
0.731779 -0.469969 0.493588
0.539138 -0.44278 0.716433
0.453874 -0.212084 0.865459
0.717059 -0.233506 0.656735
0.859381 -0.0299692 0.510456
0.857113 0.255718 0.447174
0.691854 0.0504893 0.72027
0.678913 0.334692 0.653497
0.475195 0.535005 0.698541
0.460811 0.0658317 0.885053
0.365037 0.33926 0.866978
0.1789 0.149539 0.972437
