-0.850651 -0.525731 0
0.981641 0.0515332 0.183645
0.761945 0.462267 0.453597
-0.947665 -0.152636 0.280417
-0.696158 -0.502309 0.512884
-0.529014 -0.827965 0.186058
0.503093 0.814022 0.290285
0.390037 0.597655 0.700485
0.0658021 0.868512 0.491282
0.13341 0.990206 0.0411561
-0.157864 -0.857328 0.489967
-0.0494396 -0.537559 0.841775
-0.44469 -0.271003 0.853703
-0.79445 0.187942 0.577518
-0.942402 0.30716 0.132406
-0.682836 0.619408 0.387387
-0.341088 0.911933 0.228116
-0.318015 0.654599 0.685833
-0.422578 0.212368 0.881095
0.0206028 0.400883 0.915898
-0.0103221 -0.0835203 0.996453
0.248001 -0.938599 0.239847
0.665715 -0.741796 0.0810009
0.857229 -0.373997 0.353955
0.782624 0.0203064 0.622163
0.406511 0.131786 0.904092
0.519296 -0.673241 0.526382
0.38159 -0.338658 0.860058
