-0.850651 -0.525731 0
0.952437 0.26561 0.149385
0.804829 0.496492 0.325185
0.659941 0.733998 0.160388
-0.659941 -0.733998 0.160388
-0.815133 -0.486437 0.314544
-0.96046 -0.223593 0.165902
-0.591084 -0.656592 0.468515
-0.400384 -0.859901 0.316644
-0.433045 -0.901372 0
-0.858683 -0.207156 0.468776
-0.657134 -0.38368 0.648818
-0.670244 -0.0708124 0.738755
-0.844754 0.117537 0.522087
-0.97204 0.0921453 0.215979
0.99183 -0.0514846 0.116719
0.868535 0.198227 0.454262
0.877161 -0.139464 0.459498
0.910127 -0.364213 0.197527
-0.904092 0.406511 0.131786
-0.780985 0.435077 0.448074
-0.609041 0.32576 0.723153
-0.43413 0.0988432 0.895411
-0.426964 -0.275679 0.861222
-0.371748 -0.601501 0.707107
-0.176527 -0.811817 0.556589
-0.0996497 -0.958014 0.268847
-0.149838 -0.442991 0.883916
-0.182875 -0.0999013 0.978047
0.0406771 -0.667502 0.743496
0.141601 -0.856789 0.495845
0.0999833 0.993068 0.0617931
0.214578 -0.959116 0.184536
0.400384 0.859901 0.316644
0.569708 0.655067 0.496307
0.678801 0.386056 0.624652
0.711687 0.0706299 0.698937
-0.230901 0.962455 0.142705
0.0330226 0.925705 0.376803
0.251154 0.771104 0.585081
0.406609 0.524316 0.748173
0.465034 0.222468 0.856885
0.155411 0.0833631 0.984326
-0.142705 0.230901 0.962455
0.131156 0.41261 0.901416
0.112161 -0.24837 0.96215
0.418316 -0.0989119 0.9029
0.651324 -0.25247 0.715567
0.359158 -0.413488 0.83668
0.364721 -0.674179 0.642232
0.658643 -0.533341 0.530789
0.464593 -0.807702 0.363003
0.727449 -0.648117 0.225306
0.495064 -0.867921 0.0403044
-0.727293 0.678867 0.10092
-0.31762 0.485931 0.814241
-0.0203427 0.667917 0.743958
-0.242164 0.811593 0.53167
-0.486392 0.820401 0.300607
-0.529926 0.623409 0.574926
