-0.794987 -0.606541 0.0101677
0.956201 0.241032 0.16608
-0.827488 -0.403514 0.390436
0.680649 0.611577 0.40335
0.442991 0.883916 0.149838
-0.516924 -0.808411 0.281534
0.842437 0.0298098 0.537969
0.532883 0.0266209 0.84577
0.496734 0.443691 0.745918
0.1228 0.332342 0.93513
0.204972 -0.247596 0.946933
0.562248 -0.396573 0.725677
0.847149 -0.382812 0.368502
-0.868512 0.491282 0.0658021
-0.98606 0.072033 0.14999
0.632107 -0.738253 0.235423
0.246214 -0.893346 0.375914
-0.739589 0.452324 0.498409
-0.834795 0 0.550561
-0.54592 -0.166353 0.821156
-0.192973 0.0333236 0.980638
-0.421509 0.386032 0.820554
-0.189919 -0.407588 0.893198
-0.513375 -0.564254 0.646578
-0.0810009 0.665716 0.741796
0.307498 0.777923 0.547979
0 0.957067 0.289866
-0.42352 0.769266 0.478394
-0.116682 -0.983061 0.141337
-0.383478 0.920731 0.0721097
0.18949 -0.646177 0.739289
-0.166353 -0.821156 0.54592
