-0.850651 -0.525731 0
0.825267 0.281821 0.489399
0.525731 0 0.850651
0.281821 0.489399 0.825267
0 0.850651 0.525731
-0.335869 0.510043 0.791864
-0.525731 0 0.850651
0 0 1
-0.290285 -0.503093 0.814022
-0.212084 -0.865459 0.453874
0.300322 -0.51392 0.80355
0.791864 -0.335869 0.510043
0.850651 -0.525731 0
1 0 0
-0.825267 -0.281821 0.489399
-0.809017 0.309017 0.5
0.510043 0.791864 0.335869
-0.489399 0.825267 0.281821
0.0167014 -0.999807 0.010322
0.485931 -0.814241 0.31762
-0.471716 -0.819222 0.326128
0.433889 0.259892 0.862668
0.142301 0.263694 0.954052
0.273266 0 0.961938
0 0.525731 0.850651
-0.152636 0.280417 0.947665
-0.433889 0.259892 0.862668
-0.273266 0 0.961938
0.160622 0.702046 0.69378
-0.160622 0.702046 0.69378
0.142301 -0.263694 0.954052
0.417742 -0.26071 0.870358
-0.152636 -0.280417 0.947665
0.0103355 -0.510664 0.859718
-0.150817 -0.71304 0.68471
0.130852 -0.71506 0.686707
-0.44469 -0.271003 0.853703
0.862668 0.433889 0.259892
0.954052 0.142301 0.263694
0.850651 0 0.525731
0.947665 -0.152636 0.280417
0.862668 -0.433889 0.259892
0.961938 -0.273266 0
0.69378 0.160622 0.702046
0.69378 -0.160622 0.702046
-0.862668 -0.433889 0.259892
-0.954052 -0.142301 0.263694
-0.961938 -0.273266 0
-0.850651 0 0.525731
-0.947665 0.152636 0.280417
-0.862668 0.433889 0.259892
-0.69378 -0.160622 0.702046
-0.69378 0.160622 0.702046
0.259892 0.862668 0.433889
0.280417 0.947665 0.152636
0.0166551 0.963578 0.266908
0.702046 0.69378 0.160622
-0.263694 0.954052 0.142301
-0.259892 0.862668 0.433889
-0.702046 0.69378 0.160622
0 -0.957067 0.289866
0.280417 -0.947665 0.152636
0.22809 -0.864787 0.447345
0.52563 -0.850487 0.0196337
0.702869 -0.688745 0.177782
-0.437001 -0.673636 0.596025
-0.263694 -0.954052 0.142301
-0.510664 -0.859718 0.0103355
-0.690843 -0.702643 0.170379
0.437001 0.673636 0.596025
0.596025 0.437001 0.673636
0.688191 0.587785 0.425325
0.563185 -0.449287 0.693516
0.425325 -0.688191 0.587785
0.669276 -0.587422 0.454978
-0.596025 0.437001 0.673636
-0.443388 0.683971 0.579301
-0.688191 0.587785 0.425325
-0.596025 -0.437001 0.673636
-0.673636 -0.596025 0.437001
