-0.850651 -0.525731 0
0.859517 0.419913 0.291383
0.970187 0.237155 0.049948
-0.906411 -0.342532 0.247167
-0.737264 -0.613767 0.282369
-0.64532 -0.763641 0.0203519
0.679996 0.676853 0.281913
-0.978852 -0.0412509 0.200368
0.992788 -0.086136 0.0833765
0.937341 0.102481 0.333001
0.785715 0.273707 0.55474
0.621306 0.53791 0.569764
-0.489399 -0.825267 0.281821
0.439485 0.878135 0.18903
0.42352 0.769266 0.478394
-0.282858 -0.956494 0.0714919
0.165399 0.930213 0.327637
0 0.997607 0.0691416
0.14093 0.779281 0.610622
0.356867 0.577422 0.734322
0.547979 0.307498 0.777923
-0.11509 0.880662 0.459553
-0.29477 0.934513 0.199492
0.682311 0.0203334 0.730779
0.850475 -0.147348 0.504956
0.904573 -0.335103 0.263541
-0.927194 0.371295 0.0495148
-0.911933 0.228116 0.341088
-0.867921 -0.0403044 0.495064
-0.77301 -0.33352 0.539647
-0.585014 -0.578625 0.568289
-0.334423 -0.765026 0.55036
-0.148416 -0.924351 0.351493
0.132792 -0.966393 0.220117
0 -0.803469 0.595347
0.292961 -0.834953 0.465862
0.415177 -0.905103 0.0917393
0.788948 -0.600358 0.130886
0.580163 -0.75457 0.306651
0.72898 -0.496546 0.471201
-0.631197 0.770242 0.0912016
-0.791134 0.551917 0.263619
-0.515685 0.767577 0.380651
0.647412 -0.296005 0.70231
0.470917 -0.628313 0.619242
0.198505 -0.611619 0.765845
0.382812 -0.368502 0.847149
0.429646 -0.06589 0.90059
-0.149549 -0.60467 0.78231
0.289002 0.21536 0.93279
0.0822735 -0.366809 0.926651
0.127752 -0.0667137 0.98956
0.100192 0.461983 0.881211
-0.150834 0.692575 0.7054
-0.0412509 0.200368 0.978852
-0.227685 0.43523 0.871054
-0.457792 0.606985 0.649612
-0.735011 0.414273 0.536784
-0.523627 0.329851 0.785502
-0.681162 0.060644 0.729617
-0.348074 0.115316 0.930348
-0.1789 -0.149539 0.972437
-0.472637 -0.163706 0.865919
