0.873409 0.438297 0.212255
0.819222 0.326128 0.471716
0.525731 0 0.850651
0.262914 0.492212 0.829821
-0.0164517 0.853334 0.521105
-0.581952 0.54065 0.607478
-0.532883 0.0266209 0.84577
0 -0.0334035 0.999442
-0.570576 -0.461267 0.679467
-0.0709408 -0.757488 0.648983
0.580582 -0.605133 0.544736
0.761197 -0.370329 0.532386
-0.843166 0.537557 0.0101677
1 0 0
-0.786094 -0.354311 0.506478
-0.818713 0.27144 0.505993
0.494829 0.834056 0.243918
-0.541017 0.741793 0.396286
-0.016699 -0.997924 0.0621965
0.464593 -0.807702 0.363003
-0.595966 -0.664423 0.450962
0.44469 0.271003 0.853703
0.122082 0.264412 0.956652
0.273266 0 0.961938
-0.0399848 0.55014 0.834115
-0.180051 0.263314 0.947759
-0.363003 0.464593 0.807702
-0.277908 -0.0331819 0.960034
0.184558 0.715103 0.674215
-0.2458 0.703903 0.666411
0.199492 -0.29477 0.934512
0.496492 -0.325185 0.804829
-0.122519 -0.298581 0.946488
0.0298098 -0.537969 0.842437
-0.28175 -0.567825 0.773429
0.323518 -0.579446 0.74805
-0.403661 -0.292149 0.86701
0.703379 0.58753 0.400082
0.95694 0.152612 0.246931
0.867921 0.0403044 0.495064
0.954052 -0.142301 0.263694
0.870358 -0.417742 0.26071
0.958586 -0.284322 0.0165274
0.683488 0.194886 0.703465
0.718656 -0.120998 0.684758
-0.863857 -0.440683 0.244027
-0.947665 -0.152636 0.280417
-0.958586 -0.284322 0.0165274
-0.842437 -0.0298098 0.537969
-0.951056 0.16246 0.262866
-0.796225 0.513832 0.319378
-0.674215 -0.184558 0.715103
-0.62958 0.275772 0.726347
0.245615 0.886393 0.392403
0.26502 0.958853 0.101813
-0.0166574 0.972239 0.233397
0.725704 0.677289 0.120968
-0.298581 0.946488 0.122519
-0.276468 0.868813 0.410767
-0.67297 0.727956 0.131116
-0.0165097 -0.917182 0.398127
0.247596 -0.946933 0.204972
0.21921 -0.80257 0.554823
0.509432 -0.857723 0.0692064
0.703903 -0.666411 0.2458
-0.330215 -0.813172 0.479279
-0.263957 -0.940255 0.215054
-0.510046 -0.858716 0.0496035
-0.714422 -0.679389 0.167429
0.460583 0.711794 0.530296
0.578574 0.472778 0.66463
