0.963578 0.266908 0.0166551
-0.73627 -0.606979 0.299138
0.703903 0.666411 0.2458
-0.904839 0.161006 0.394136
-0.351079 -0.935833 0.0309919
-0.490127 0.114886 0.864047
-0.269673 -0.800564 0.535139
0.13269 -0.952933 0.272604
0.265438 0.845972 0.462466
-0.149256 0.965555 0.213133
0.522499 0.448259 0.725299
0.828815 0.118359 0.54686
0.221635 -0.692391 0.686639
-0.140501 -0.427873 0.892852
0.333169 -0.0660587 0.94055
0.634846 -0.435687 0.63808
0.961188 -0.19178 0.198337
0.581005 -0.76687 0.272661
-0.82711 0.551859 0.106494
-0.259046 0.726941 0.635965
0.0618629 0.43227 0.89962
