0.758227 0.189075 0.623973
-0.915504 -0.340297 0.214593
-0.6782 -0.733128 0.0506787
-0.649517 -0.58633 0.484092
0.472724 0.698007 0.537883
0.992671 0.0309041 0.116833
-0.763944 -0.150073 0.627589
-0.946488 0.122519 0.298581
-0.398011 -0.337953 0.852863
-0.384373 0.147997 0.911238
-0.700376 0.362647 0.614785
-0.211927 -0.703837 0.678012
-0.248073 -0.929073 0.274377
0.263677 0.944158 0.197584
-0.030491 0.827442 0.560723
0.0609563 0.46365 0.883919
0.217011 -0.975678 0.0309524
-0.468245 0.813619 0.344632
-0.812317 0.54443 0.209133
0.629033 -0.766347 0.1305
0.888506 -0.406737 0.212418
0.302918 -0.797927 0.521107
0.208476 -0.437514 0.874711
0.627 -0.396953 0.670298
0.137952 0 0.990439
