0.837891 0.480062 0.259769
-0.930213 -0.327637 0.165399
-0.686355 -0.720226 0.100949
-0.687574 -0.519216 0.507599
0.978852 0.0412509 0.200368
0.496714 0.8037 0.32763
0.545258 0.484678 0.683945
0.78678 0.110339 0.607292
-0.249702 -0.966973 0.0511141
-0.330215 -0.813172 0.479279
0 0.928448 0.371461
0.131116 0.67297 0.727956
0.881437 -0.471153 0.0329221
-0.585576 0.80755 0.0704538
0.760406 -0.341435 0.552454
0.210954 -0.761094 0.61338
-0.403129 0.7643 0.503322
-0.76112 0.495547 0.418485
-0.841775 0.0494396 0.537559
-0.547979 0.307498 0.777923
-0.495845 -0.141601 0.856789
-0.168332 -0.472646 0.865026
0.395576 -0.405639 0.824001
