0.850353 0.430613 0.302444
-0.921523 -0.323426 0.214921
-0.641952 -0.760032 0.101232
0.974602 -0.102416 0.199152
0.471276 0.790536 0.391091
-0.578625 -0.568289 0.585014
-0.742798 -0.0608514 0.666745
-0.891715 0.329911 0.309844
-0.27165 -0.215481 0.937963
-0.164675 -0.917743 0.361428
0.292598 -0.725503 0.622922
0.678913 -0.334692 0.653497
0.242142 -0.279764 0.929031
0.545902 0.402302 0.734945
0.132743 0.214782 0.967599
0.366809 -0.926651 0.0822735
-0.0165266 0.953523 0.300866
-0.0305195 0.656519 0.753692
-0.52158 0.423231 0.74083
