0.58803544 0.17534368 0.78960048
-0.933219 -0.32894743 0.14455413
-0.67485197 -0.73329808 0.082757137
-0.66391996 -0.53401802 0.52348357
0.49176571 0.62928913 0.60179872
0.90576834 0.20110469 0.37301593
-0.68313491 -0.058358457 0.72795672
-0.93250781 0.1121585 0.34329238
-0.27914109 -0.28434472 0.91718501
-0.32933863 0.20952419 0.92067132
-0.6710456 0.41708772 0.61297279
-0.19064408 -0.70941035 0.67852177
-0.19944802 -0.94575311 0.25645965
0.28492965 0.93306183 0.2195694
-0.017599876 0.81557749 0.57838016
0.13382974 0.4559415 0.87989031
0.26773623 -0.96176695 0.057633766
-0.4636898 0.79441593 0.39229467
-0.81768424 0.54956943 0.17136489
0.64478437 -0.72385635 0.24553024
0.93083493 -0.26622334 0.25034395
0.25617818 -0.815666 0.51871159
0.19352713 -0.47625269 0.85774742
0.62494562 -0.44573223 0.6409101
0.12133661 -0.017218561 0.99246206
