0.967045 0.240637 0.0831686
-0.745339 -0.583691 0.322141
0.6921 0.692192 0.204615
-0.905103 -0.0917393 0.415177
-0.349383 -0.930172 0.112747
0.76732 0.298773 0.56741
-0.3158 -0.735032 0.599999
-0.541881 -0.252938 0.80149
-0.226551 0.31054 0.923168
-0.948172 0.317329 0.0165241
0.86199 -0.187894 0.470817
-0.698007 0.537883 0.472724
0.633653 -0.773017 0.0304831
0.148931 -0.936504 0.31746
0.563858 -0.611522 0.555073
-0.0309383 -0.416877 0.908436
0.366145 0.0165131 0.930411
0.288316 0.606309 0.741123
-0.19899 0.821822 0.533864
