0.862668 0.433889 0.259892
-0.961938 -0.273266 0
0.702046 0.69378 0.160622
-0.862668 -0.433889 0.259892
-0.679433 -0.711295 0.180084
0.961938 -0.273266 0
0.862668 -0.433889 0.259892
0.702046 -0.69378 0.160622
-0.862668 0.433889 0.259892
-0.702046 0.69378 0.160622
0.273266 0 0.961938
0.69378 0.160622 0.702046
0.433889 0.259892 0.862668
0.69378 -0.160622 0.702046
0.433889 -0.259892 0.862668
0.160622 0.702046 0.69378
0.259892 0.862668 0.433889
-0.160622 0.702046 0.69378
-0.259892 0.862668 0.433889
0 0.970815 0.239828
-0.433889 0.259892 0.862668
-0.273266 0 0.961938
-0.69378 0.160622 0.702046
-0.69378 -0.160622 0.702046
-0.426964 -0.275679 0.861222
