0.855761 0.516324 0.0328985
-0.58069 -0.760843 0.289684
0.532476 0.833555 0.14716
0.706882 0.52118 0.478214
0.924826 0.102647 0.366279
-0.982629 -0.109784 0.149623
-0.79693 -0.372904 0.475231
-0.429454 -0.561193 0.707553
-0.826677 0.13784 0.545532
-0.557393 -0.133342 0.819471
-0.499121 0.351329 0.792115
0.148416 -0.924351 0.351493
0.101232 -0.641952 0.760032
-0.101813 -0.26502 0.958853
-0.102416 0.199152 0.974602
-0.0166915 0.993346 0.113951
0.222468 0.856885 0.465034
0.326128 0.471716 0.819222
0.516324 0.0328985 0.855761
-0.254002 0.82947 0.497456
-0.673636 0.596025 0.437001
-0.448335 0.892376 0.0515918
-0.93462 0.34946 0.0660551
0.719927 -0.594391 0.358337
