0.9561 0.288796 0.0497061
0.72705 0.659405 0.191266
-0.771104 -0.585081 0.251154
-0.446838 -0.889988 0.0908733
-0.907411 -0.141411 0.395738
-0.438475 -0.737478 0.513679
-0.627041 -0.371309 0.684798
-0.657835 0.101072 0.746349
-0.303549 -0.0993701 0.94762
-0.19509 -0.515629 0.834306
0 -0.819885 0.572529
-0.0166674 -0.988779 0.148454
-0.247828 0.400994 0.881921
0.160622 0.702046 0.69378
-0.425325 0.688191 0.587785
-0.247845 0.942922 0.22242
-0.840422 0.367153 0.39861
-0.651286 0.747464 0.13086
0.418195 -0.876676 0.237806
0.411079 -0.631698 0.657245
0.941221 -0.162389 0.296197
0.814022 0.290285 0.503093
0.698996 -0.284354 0.656161
0.16246 -0.262866 0.951056
