0.94482587 0.30252391 0.12563186
0.69298815 0.69051433 0.20726165
-0.78101786 -0.56532234 0.26537099
-0.44559003 -0.87934775 0.1679198
-0.89155141 -0.13983596 0.43079228
-0.44334894 -0.6743392 0.59051534
-0.52908977 -0.26581005 0.80585919
-0.61432059 0.20020462 0.76323544
-0.14923064 -0.036968795 0.98811109
-0.11072458 -0.48875927 0.86536376
-0.0114944 -0.84852701 0.52902722
0.001349109 -0.99651263 0.083431188
-0.16600394 0.42232242 0.8911153
0.22171357 0.65598299 0.72147724
-0.49393759 0.62646209 0.60296842
-0.21435451 0.91969691 0.32895247
-0.84406534 0.37008857 0.38805689
-0.65796088 0.74844188 0.083199906
0.40198762 -0.8678034 0.29210137
0.81297165 -0.5060562 0.28807119
0.36701702 -0.62256284 0.69116859
0.27570349 -0.23050978 0.93319496
0.28714289 0.23902001 0.92758741
0.63350676 0.40667248 0.65824516
0.72354321 -0.12766025 0.67837164
