-0.9032732 -0.42359378 0.068306931
0.46084414 0.86817833 0.18408981
-0.51825447 -0.71570681 0.46816244
0.72976268 0.42416908 0.53621547
0.95645141 -0.098929018 0.27461563
0.13904174 0.70265505 0.69781321
-0.19815965 0.95241824 0.23158639
0.08050408 -0.89885885 0.43078052
0.56423383 -0.53774632 0.62647353
-0.7802016 0.62528283 0.017517119
0.38048301 -0.017366351 0.92462484
-0.14255979 -0.43876487 0.88722156
-0.21380535 0.18015656 0.96012025
-0.68868607 -0.144816 0.71045044
-0.57419813 0.55123692 0.60533822
