-0.850651 -0.525731 0
-0.58069 -0.760843 0.289684
0.532476 0.833555 0.14716
0.716433 0.539138 0.44278
0.938191 0.181965 0.294425
-0.982629 -0.109784 0.149623
-0.79693 -0.372904 0.475231
-0.447305 -0.556613 0.700072
-0.830634 0.0988323 0.547978
-0.557393 -0.133342 0.819471
-0.499121 0.351329 0.792115
0.115286 -0.92413 0.36427
0.0203519 -0.64532 0.763641
-0.101813 -0.26502 0.958853
-0.129999 0.182332 0.974605
-0.0166915 0.993346 0.113951
0.222468 0.856885 0.465034
-0.100171 0.596053 0.796672
0.359861 0.548854 0.754493
-0.265438 0.845972 0.462466
-0.64369 0.611756 0.459801
-0.448335 0.892376 0.0515918
-0.936494 0.331088 0.115583
0.553322 -0.728495 0.403894
0.862734 -0.26584 0.430138
