0.963578 0.266908 0.0166551
-0.748779 -0.604412 0.272059
0.715788 0.657367 0.235617
-0.877161 -0.139464 0.459498
-0.400202 -0.914343 0.0617733
-0.563344 -0.421773 0.710458
-0.302918 -0.797927 0.521107
0.13269 -0.952933 0.272604
0.271003 0.853703 0.44469
-0.149256 0.965555 0.213133
0.537883 0.472724 0.698007
0.828815 0.118359 0.54686
0.221635 -0.692391 0.686639
-0.111464 -0.413972 0.90344
0.338874 -0.0495584 0.939526
0.634846 -0.435687 0.63808
0.961188 -0.19178 0.198337
0.581005 -0.76687 0.272661
-0.825506 0.557161 0.0900663
-0.259046 0.726941 0.635965
0.0412736 0.432703 0.900591
