0.936504 0.31746 0.148931
-0.818438 -0.500892 0.281541
0.662842 0.738886 0.121193
0.684319 0.482427 0.546783
-0.963059 -0.0407845 0.266183
0.973942 -0.154536 0.166001
0.818031 0.0203418 0.574815
0.726198 -0.46013 0.510799
-0.852157 0.437717 0.286761
0.718241 -0.68985 0.0907605
0.451063 0.180052 0.874142
0.437717 -0.286761 0.852157
0.246214 0.893346 0.375914
-0.292961 0.834953 0.465862
0.0507842 0.609853 0.790885
-0.122729 0.19858 0.97237
-0.742798 0.0608514 0.666745
-0.440683 -0.244027 0.863857
0 -0.49549 0.868613
-0.495253 -0.634097 0.593839
0.0493419 -0.866667 0.496441
-0.278699 -0.944806 0.172245
