-0.843166 -0.537557 0.0101677
0.950468 0.132444 0.281192
-0.976427 -0.0820588 0.199641
0.710126 0.494845 0.500849
-0.74805 -0.323518 0.579446
0.483108 0.848498 0.216004
-0.51392 -0.80355 0.300322
-0.347836 -0.590807 0.727981
-0.0667634 -0.996049 0.0585641
0.0328985 -0.855761 0.516324
-0.0164666 0.887356 0.460791
0.295888 0.618749 0.727737
0.466522 0.179887 0.866024
0.768993 -0.179094 0.613657
0.381266 -0.460735 0.801473
0.415177 -0.905103 0.0917393
0.821644 -0.539914 0.182741
-0.618049 0.721243 0.312769
-0.700075 0.310766 0.642899
-0.229434 0.371232 0.899748
-0.0822425 -0.133071 0.987688
