-0.84262186 -0.53850535 0.00063574232
-0.58104381 -0.73280946 0.3540881
0.51015409 0.85504099 0.09299308
0.70003476 0.55836374 0.44517556
0.78282245 0.12736735 0.60907026
-0.99539972 -0.089802684 0.03338968
-0.74484882 -0.2886799 0.60155145
-0.36753091 -0.50136219 0.78329878
-0.80205013 0.17528675 0.57095547
-0.40936393 -0.048040005 0.91110556
-0.46032064 0.42107546 0.78153718
0.13682637 -0.94054261 0.31089893
0.076767626 -0.68354678 0.72585848
0.0060347335 -0.26569962 0.96403698
-0.023872138 0.20977086 0.97745911
0.021864439 0.98247991 0.18508153
0.30602465 0.80298338 0.51143583
0.40298204 0.44615624 0.79909329
0.42819723 -0.0098141555 0.90363201
-0.041821686 0.63150035 0.77424689
-0.6855712 0.60026916 0.41190905
-0.43513934 0.88921723 0.14123203
-0.92799814 0.37258143 -0.0015901809
0.52679849 -0.69682481 0.48674279
0.81072976 -0.32419137 0.48745997
