0.825267 0.281821 0.489399
0.280417 0.947665 0.152636
-0.280417 0.947665 0.152636
0.454978 0.669276 0.587422
-0.443388 0.683971 0.579301
-0.525731 0 0.850651
-0.309017 0.5 0.809017
0 0 1
-0.809017 -0.309017 0.5
-0.809017 0.309017 0.5
-0.132444 0.281192 0.950468
-0.142749 -0.297852 0.943879
-0.868613 0 0.49549
-0.587785 0.425325 0.688191
-0.579301 -0.443388 0.683971
-0.273707 -0.55474 0.785715
-0.0329221 -0.881437 0.471153
0.309017 -0.5 0.809017
-0.0500887 -0.996591 0.0655594
0.5 -0.809017 0.309017
-0.402302 -0.734945 0.545902
0.0305194 -0.678783 0.733704
0.215352 -0.947332 0.237036
-0.310659 -0.91392 0.261232
0.322141 -0.745339 0.583691
