0.862668 0.433889 0.259892
1 0 0
0.859718 -0.0103355 0.510664
-0.850651 0 0.525731
-0.862668 -0.433889 0.259892
0.587785 0.425325 0.688191
0.322798 0 0.946468
0.579301 -0.443388 0.683971
0.855109 -0.451752 0.254379
-0.862668 0.433889 0.259892
-0.587785 0.425325 0.688191
-0.152636 0.280417 0.947665
-0.587785 -0.425325 0.688191
-0.142301 -0.263694 0.954052
-0.160622 -0.702046 0.69378
-0.478242 -0.840609 0.254286
0.5 0.809017 0.309017
0.160622 0.702046 0.69378
0 0.961938 0.273266
0.164675 -0.917743 0.361428
-0.52563 0.850487 0.0196337
