-0.850651 -0.525731 0
0.999442 0 0.0334035
0.850651 -0.525731 0
0.825267 -0.281821 0.489399
0.525731 0 0.850651
0.335869 0.510043 0.791864
0 0.850651 0.525731
0.510043 0.791864 0.335869
-0.489399 0.825267 0.281821
-0.335869 0.510043 0.791864
-0.525731 0 0.850651
0 0 1
-0.825267 -0.281821 0.489399
-0.825267 0.281821 0.489399
-0.335869 -0.510043 0.791864
-0.0861776 -0.843986 0.529397
0.335869 -0.510043 0.791864
-0.0334035 -0.999442 0
0.457924 -0.830318 0.317612
-0.541017 -0.741793 0.396286
0.16246 0.262866 0.951056
0 0.525731 0.850651
-0.16246 0.262866 0.951056
0.16246 -0.262866 0.951056
-0.16246 -0.262866 0.951056
0 -0.525731 0.850651
