0.909189 0.357089 0.214154
-0.852157 -0.437717 0.286761
0.644291 0.762348 0.0609492
-0.993091 0.0103221 0.116889
-0.507437 -0.754221 0.416724
0.586364 0.614787 0.527461
0.231086 0.914155 0.333047
-0.166001 -0.973942 0.154536
-0.185946 0.133106 0.973502
-0.292299 0.808303 0.511084
-0.283192 0.957699 0.0511296
-0.668732 0.70898 0.223929
0.8968 -0.422364 0.131749
-0.78214 -0.0406044 0.621778
0.58069 -0.760843 0.289684
0.837822 -0.108201 0.535114
0.422364 0.131749 0.8968
0.137243 -0.799775 0.584401
0.545258 -0.484678 0.683945
-0.291881 -0.444282 0.847006
