0.99831282 0.040389441 -0.041715713
-0.7231724 -0.44137472 0.53123444
0.78946002 0.57066189 0.2260484
-0.41322091 -0.89652713 0.15964832
0.81529118 -0.0059821747 0.5790203
0.37136844 0.45029657 0.81198428
0.13243841 0.90337993 0.40787838
0.21055085 -0.97068931 0.11589046
-0.32902615 -0.14726392 0.93276746
-0.11314636 -0.72025215 0.68442292
0.37301253 -0.35857882 0.85573529
0.70392989 -0.63302801 0.32211528
-0.29409541 0.51041037 0.80807744
-0.78578244 0.18233361 0.59101642
-0.60855574 0.73085315 0.30905273
