-0.850651 -0.525731 0
0.951056 0.16246 0.262866
-0.951056 -0.16246 0.262866
-0.495384 -0.868428 0.0206668
0.688191 0.587785 0.425325
-0.6588 -0.604016 0.448494
1 0 0
0.850651 -0.525731 0
0.951056 -0.16246 0.262866
-0.951056 0.16246 0.262866
0.495384 -0.868428 0.0206668
0.673636 -0.596025 0.437001
-0.683971 0.579301 0.443388
0.809017 -0.309017 0.5
0.525731 0 0.850651
0.16246 0.262866 0.951056
0.152636 -0.280417 0.947665
0.850651 0 0.525731
0.587785 0.425325 0.688191
0.587785 -0.425325 0.688191
0.309017 0.5 0.809017
0 0.850651 0.525731
0.5 0.809017 0.309017
-0.5 0.809017 0.309017
0 0.525731 0.850651
