0.809017 0.309017 0.5
0.196015 -0.865871 0.460267
0.702046 -0.69378 0.160622
-0.595297 -0.46639 0.654295
-0.702046 -0.69378 0.160622
0.951056 0.16246 0.262866
0.850651 0 0.525731
0.951056 -0.16246 0.262866
-0.951056 -0.16246 0.262866
-0.850651 0 0.525731
-0.951056 0.16246 0.262866
0.262866 0.951056 0.16246
-0.262866 0.951056 0.16246
0.263694 -0.954052 0.142301
0.510664 -0.859718 0.0103355
-0.310605 -0.908851 0.278415
0.510664 0.859718 0.0103355
0.425325 0.688191 0.587785
0.587785 0.425325 0.688191
0.688191 0.587785 0.425325
0.587785 -0.425325 0.688191
0.431311 -0.697875 0.571788
0.683971 -0.579301 0.443388
-0.587785 0.425325 0.688191
-0.425325 0.688191 0.587785
-0.688191 0.587785 0.425325
