0.688191 0.587785 0.425325
0.951056 0.16246 0.262866
-0.951056 -0.16246 0.262866
0.961938 -0.273266 0
0.809017 -0.309017 0.5
-0.809017 0.309017 0.5
0.69378 0.160622 0.702046
0.433889 -0.259892 0.862668
-0.69378 -0.160622 0.702046
-0.433889 0.259892 0.862668
0.0309502 0.0500785 0.998266
0.309017 0.5 0.809017
-0.0103355 -0.510664 0.859718
0.425325 -0.688191 0.587785
-0.431311 -0.697875 0.571788
0.702046 -0.69378 0.160622
-0.744727 -0.656282 0.121144
0.259892 0.862668 0.433889
-0.160622 0.702046 0.69378
-0.526633 0.785317 0.325477
0.016699 -0.997924 0.0621965
