0.936504 0.31746 0.148931
-0.787296 -0.530962 0.313441
0.662842 0.738886 0.121193
0.66982 0.489468 0.558356
-0.963059 -0.0407845 0.266183
0.961495 -0.230622 0.149467
0.800836 0 0.598884
0.68887 -0.554337 0.467086
-0.794924 0.466914 0.38741
0.59876 -0.80067 0.0203507
0.429071 0.196334 0.881675
0.437717 -0.286761 0.852157
0.246214 0.893346 0.375914
-0.292961 0.834953 0.465862
0.0507842 0.609853 0.790885
-0.167325 0.214706 0.962239
-0.742798 0.0608514 0.666745
-0.440683 -0.244027 0.863857
-0.0206668 -0.495384 0.868428
-0.415874 -0.700912 0.579458
0.0658021 -0.868512 0.491282
-0.294425 -0.938191 0.181964
