-0.929547 -0.320632 0.182039
0.800564 0.535139 0.269673
0.953549 0.0206685 0.300527
-0.56741 -0.76732 0.298773
0.689192 0.24829 0.68071
-0.965555 0.213133 0.149256
0.689192 -0.24829 0.68071
0.847202 -0.469431 0.248763
-0.72705 0.659405 0.191266
0.322513 -0.0495495 0.945267
0.237806 0.418195 0.876676
0.370757 0.739977 0.561225
0.366279 0.924826 0.102647
-0.0330143 0.919041 0.392778
-0.351079 0.935833 0.0309919
-0.626469 0.481837 0.612674
-0.226372 0.466509 0.855059
-0.521105 0.0164517 0.853334
-0.642274 -0.417811 0.642587
-0.112161 -0.24837 0.96215
0.281534 -0.516924 0.808411
0.339873 -0.828923 0.444267
