-0.942402 -0.30716 0.132406
0.800564 0.535139 0.269673
0.950516 0.0818625 0.299696
-0.692575 -0.7054 0.150834
0.689192 0.24829 0.68071
-0.9747 0.200013 0.0997764
0.730548 -0.225967 0.64439
0.837891 -0.480062 0.259769
-0.72705 0.659405 0.191266
0.322513 -0.0495495 0.945267
0.237806 0.418195 0.876676
0.370757 0.739977 0.561225
0.364972 0.922944 0.122354
-0.0330143 0.919041 0.392778
-0.367185 0.928088 0.0618653
-0.626469 0.481837 0.612674
-0.226372 0.466509 0.855059
-0.521105 0.0164517 0.853334
-0.71438 -0.355282 0.602856
-0.112161 -0.24837 0.96215
0.281534 -0.516924 0.808411
0.329003 -0.838746 0.433893
