0.942339 0.313984 0.115808
0.581005 0.76687 0.272661
-0.791897 -0.558545 0.246832
-0.942117 -0.112543 0.315831
0.721424 0.421947 0.549097
-0.457934 -0.87463 0.159117
-0.449287 -0.693516 0.563185
-0.693297 -0.327512 0.641931
0.986732 -0.158898 0.0333282
0.90118 -0.0206669 0.432953
-0.0329356 -0.90473 0.42471
-0.657367 0.235617 0.715788
-0.826411 0.436799 0.35532
0.769266 -0.478394 0.42352
0.374471 -0.717969 0.586764
0 -0.622292 0.782786
-0.711137 0.702764 0.0201637
0.377214 -0.910172 0.171163
-0.287919 -0.325822 0.900523
0 0.999402 0.0345915
-0.292081 0.472596 0.83147
0.544504 0.0367932 0.837951
0.0482476 0.0500751 0.997579
0.262914 0.492212 0.829821
0.0923768 0.853621 0.512637
-0.407498 0.799398 0.441484
