0.88462153 0.38378898 0.26485991
-0.86171558 -0.42737927 0.27348367
0.54280228 0.83914483 0.034664718
-0.98890012 0.059775127 0.13602754
-0.44636297 -0.76571539 0.46307672
0.54279275 0.66607563 0.51158507
0.14525153 0.92963182 0.33865422
-0.098150523 -0.98159421 0.163827
-0.13418776 0.1069907 0.98516325
-0.28861101 0.74928605 0.59604873
-0.31564112 0.94036397 0.12683176
-0.71772877 0.65304944 0.24164404
0.876225 -0.44212732 0.19171121
-0.77535374 -0.040023178 0.63025767
0.5274248 -0.79125201 0.30942421
0.82374571 -0.095861219 0.55879659
0.4012335 0.061719679 0.91389406
0.10187749 -0.79727952 0.59495071
0.52260723 -0.47627828 0.70713555
-0.34393225 -0.39683278 0.85101959
