0.863857 0.440683 0.244027
-0.910127 -0.364213 0.197527
-0.6782 -0.733128 0.0506787
-0.649517 -0.58633 0.484092
0.557441 0.735121 0.38582
0.994752 0.0206402 0.10021
-0.763944 -0.150073 0.627589
-0.9397 0.132802 0.315162
-0.398011 -0.337953 0.852863
-0.443996 0.115223 0.88859
-0.700376 0.362647 0.614785
-0.218637 -0.715789 0.663207
-0.248073 -0.929073 0.274377
0.230749 0.956736 0.177234
-0.0203324 0.835429 0.549222
0.0206028 0.400883 0.915898
0.232727 -0.969094 0.0818269
-0.472233 0.825481 0.309155
-0.812317 0.54443 0.209133
0.629033 -0.766347 0.1305
0.888506 -0.406737 0.212418
0.292299 -0.808303 0.511084
0.637204 -0.530865 0.558706
0.224768 -0.497253 0.837985
