0.809017 0.309017 0.5
0 0.525731 0.850651
0.262866 0.951056 0.16246
-0.262866 0.951056 0.16246
0.425325 0.688191 0.587785
-0.425325 0.688191 0.587785
-0.525731 0 0.850651
-0.309017 0.5 0.809017
0 0 1
-0.809017 -0.309017 0.5
-0.809017 0.309017 0.5
-0.16246 0.262866 0.951056
-0.16246 -0.262866 0.951056
-0.850651 0 0.525731
-0.587785 0.425325 0.688191
-0.587785 -0.425325 0.688191
-0.309017 -0.5 0.809017
0 -0.850651 0.525731
0.309017 -0.5 0.809017
0 -1 0
0.5 -0.809017 0.309017
-0.5 -0.809017 0.309017
0 -0.525731 0.850651
0.262866 -0.951056 0.16246
