-0.850651 -0.525731 0
-0.309017 0.5 0.809017
0.425325 -0.688191 0.587785
-0.259892 -0.862668 0.433889
-0.262866 0.951056 0.16246
-0.16246 -0.262866 0.951056
0.69378 0.160622 0.702046
-0.862668 0.433889 0.259892
0.425325 0.688191 0.587785
-0.69378 -0.160622 0.702046
0.16246 0.262866 0.951056
0.862668 -0.433889 0.259892
1 0 0
0.433889 -0.259892 0.862668
0.688191 0.587785 0.425325
0.262866 -0.951056 0.16246
-0.69378 0.160622 0.702046
-0.702046 0.69378 0.160622
0 -1 0
0.433889 0.259892 0.862668
-0.433889 -0.259892 0.862668
-0.259892 0.862668 0.433889
-0.273266 0 0.961938
0.160622 0.702046 0.69378
-0.702046 -0.69378 0.160622
-0.433889 0.259892 0.862668
