0.798073 0.346117 0.493236
-0.961938 -0.273266 0
0.950468 -0.132444 0.281192
-0.898629 0.199999 0.390469
0.419913 0.291383 0.859517
0.69378 -0.160622 0.702046
0 0 1
0 -0.525731 0.850651
-0.447345 -0.22809 0.864787
-0.809017 -0.309017 0.5
-0.437001 -0.673636 0.596025
0.616293 -0.664768 0.422216
-0.664414 -0.740492 0.101117
-0.183844 -0.982901 0.0103229
0.0658317 -0.885053 0.460811
-0.827442 0.560723 0.030491
0.452474 0.788112 0.41731
-0.493939 0.392927 0.77565
-0.429778 0.851562 0.300221
-0.0203334 0.730779 0.682311
