0.94762 0.303549 0.0993701
-0.800564 -0.535139 0.269673
0.702046 0.69378 0.160622
-0.93916 -0.0821198 0.33352
0.754827 0.38855 0.528455
-0.437514 -0.874711 0.208476
0.295021 0.930534 0.216955
0.409584 0.690735 0.595924
0.89962 -0.0618628 0.43227
0.974819 -0.222999 0
-0.470917 -0.628313 0.619242
-0.686639 -0.221635 0.692391
-0.0266209 -0.84577 0.532883
0.149664 -0.980531 0.127122
-0.0608998 0.802005 0.594204
-0.37136 0.890128 0.264129
-0.781325 0.59939 0.173961
0.804829 -0.496492 0.325185
0.448734 -0.754077 0.479589
-0.747963 0.297506 0.593331
-0.38855 0.528455 0.754827
-0.402375 0.0989503 0.910112
0.13784 -0.545532 0.826677
