-0.835602 -0.549336 0
-0.589575 -0.720854 0.364378
-0.825267 -0.281821 0.489399
-0.993413 -0.0931376 0.0667474
0.899748 0.229434 0.371232
0.648565 0.619551 0.442176
0.47883 0.875091 0.0702728
0.921654 -0.251736 0.295269
0.215189 0.82175 0.527656
-0.441484 -0.407498 0.799398
-0.132406 -0.942402 0.30716
-0.0101776 -0.63391 0.77334
-0.100061 0.986311 0.13107
-0.909189 0.357089 0.214154
0.734383 -0.665958 0.131075
0.34113 -0.89733 0.280054
-0.589575 0.720854 0.364378
0.502309 -0.512884 0.696158
-0.628006 0.0507467 0.776552
-0.199492 0.29477 0.934512
0.65065 -0.0101683 0.75931
0.307659 0.385906 0.869725
0.109784 -0.149623 0.982629
