0.809017 0.309017 0.5
-0.961938 -0.273266 0
0.950468 -0.132444 0.281192
-0.947665 0.152636 0.280417
0.433889 0.259892 0.862668
0.69378 -0.160622 0.702046
0 0 1
0 -0.525731 0.850651
-0.433889 -0.259892 0.862668
-0.809017 -0.309017 0.5
-0.437001 -0.673636 0.596025
0.669276 -0.587422 0.454978
-0.702046 -0.69378 0.160622
-0.263694 -0.954052 0.142301
0 -0.850651 0.525731
0.513415 0.797321 0.317308
0.160622 0.702046 0.69378
-0.300607 0.486392 0.820401
-0.69378 0.160622 0.702046
-0.0166551 0.963578 0.266908
0.510664 -0.859718 0.0103355
-0.673636 0.596025 0.437001
0.850651 -0.525731 0
