-0.850651 -0.525731 0
-0.58069 -0.760843 0.289684
0.532476 0.833555 0.14716
0.716433 0.539138 0.44278
0.925663 0.1521 0.346431
-0.986073 -0.0996199 0.133178
-0.79693 -0.372904 0.475231
-0.429454 -0.561193 0.707553
-0.830634 0.0988323 0.547978
-0.546427 -0.123065 0.828416
-0.499121 0.351329 0.792115
0.115286 -0.92413 0.36427
0.0911314 -0.653941 0.751037
-0.101813 -0.26502 0.958853
-0.0309524 0.217011 0.975678
0 0.992677 0.120799
0.232793 0.848045 0.476053
0.343989 0.52318 0.779714
0.524065 0.102577 0.845478
-0.120883 0.640868 0.758073
-0.653191 0.627101 0.424365
-0.448335 0.892376 0.0515918
-0.933498 0.355142 0.0495457
0.54461 -0.714084 0.439869
0.836201 -0.273236 0.475511
