-0.850651 -0.525731 0
0.996695 0.0795026 0.0166935
0.855862 0.308479 0.415139
0.597655 0.700485 0.390037
-0.87685 -0.265155 0.401033
0.884126 -0.199237 0.422641
-0.895196 0.445368 0.0164675
-0.884126 0.199237 0.422641
0.62877 -0.0101683 0.777525
0.487642 0.43367 0.757717
0.52866 -0.490264 0.692936
0.566812 -0.760956 0.315706
0.181965 -0.294425 0.938191
0.147318 0.182338 0.972137
0.104109 0.796935 0.595026
-0.505993 0.818713 0.27144
-0.334692 0.653497 0.678913
-0.578496 0.267971 0.770411
-0.277908 -0.0331819 0.960034
-0.0667137 0.98956 0.127752
-0.31762 -0.485931 0.814241
0.0907758 -0.697777 0.71054
