0.954845 0.295262 0.0330481
0.727302 0.642147 0.242237
-0.760974 -0.607438 0.227898
-0.898629 -0.199999 0.390469
-0.464213 -0.88476 0.0412992
0.83147 0.292081 0.472596
-0.428402 -0.777195 0.460913
-0.627101 -0.424365 0.653191
-0.985394 0.124039 0.116672
0.942117 -0.112543 0.315831
0.530865 0.558706 0.637204
0.291383 0.859517 0.419913
-0.0831252 -0.962525 0.258139
-0.0333282 0.986732 0.158898
0.455785 0.0329283 0.88948
0.711262 -0.250484 0.656783
0.0710046 -0.775581 0.627242
0.344632 -0.468245 0.813619
-0.172079 -0.311875 0.93441
-0.276626 0.27979 0.919345
-0.730548 0.225967 0.64439
-0.147705 0.735916 0.660765
-0.54065 0.607478 0.581952
-0.826878 0.483462 0.287294
-0.452074 0.865062 0.217478
0.726347 -0.62958 0.275772
0.341154 -0.902537 0.262757
