-0.952933 -0.272604 0.13269
0.797927 0.521107 0.302918
-0.669794 -0.722763 0.170263
0.947785 0.0309918 0.317401
0.648117 0.225306 0.727449
-0.958027 0.26206 0.116227
0.787296 -0.530962 0.313441
0.606979 -0.299138 0.73627
-0.649842 0.745028 0.150462
0.12425 -0.0333764 0.991689
0.345356 0.698692 0.626546
-0.0103356 0.448875 0.893535
-0.160105 0.811161 0.56248
-0.591649 0.523538 0.613073
0.329196 0.93024 0.162123
-0.791532 0.0304824 0.610367
-0.368238 -0.147941 0.917886
-0.584504 -0.512703 0.62888
