0.947873 0.296787 0.115989
-0.791134 -0.551917 0.263619
0.679433 0.711295 0.180084
-0.93916 -0.0821198 0.33352
0.392129 0.0824863 0.916204
-0.437514 -0.874711 0.208476
0.248001 0.938599 0.239847
0.443957 0.584716 0.678977
0.842771 0.010177 0.538175
0.980638 -0.192973 0.0333236
-0.470917 -0.628313 0.619242
-0.663207 -0.218637 0.715789
-0.0469514 -0.829886 0.555954
0.133271 -0.981941 0.134278
-0.0608998 0.802005 0.594204
-0.37136 0.890128 0.264129
-0.780423 0.605092 0.157492
0.802769 -0.489283 0.340828
0.448734 -0.754077 0.479589
-0.75414 0.280547 0.593773
-0.354311 0.506478 0.786094
-0.182588 -0.0166651 0.983048
0.198227 -0.454262 0.868535
