0.843166 0.537557 0.0101677
-0.570688 -0.783563 0.245651
-0.792129 -0.425407 0.437676
-0.978805 -0.119915 0.166015
0.944806 0.172245 0.278699
0.720542 0.513494 0.465987
0.540315 0.818253 0.196267
-0.216788 -0.974867 0.0513472
0.713407 0.0101776 0.700676
-0.457792 -0.606985 0.649612
-0.179887 -0.866024 0.466522
0.0495089 0.92062 0.387309
0.298776 0.679268 0.67032
0.377973 0.277796 0.883157
0.27165 -0.215481 0.937963
-0.0507842 -0.609853 0.790885
-0.453679 -0.131555 0.881402
-0.0411561 0.13341 0.990206
-0.826544 0.010177 0.562781
-0.0988323 0.547978 0.830634
-0.52569 0.356472 0.772385
-0.356472 0.772385 0.52569
0.933498 -0.355142 0.0495457
-0.680462 0.683132 0.265144
0.558421 -0.819548 0.128479
0.338762 -0.688061 0.641726
0.704471 -0.485208 0.51797
