0.870358 0.417742 0.26071
-0.900031 -0.359256 0.246737
-0.667502 -0.743496 0.0406771
-0.575431 -0.630816 0.520528
0.522986 0.712531 0.467745
-0.21536 -0.93279 0.289002
0.182033 0.962953 0.198962
-0.0606641 -0.688679 0.722524
0.0303309 0.72085 0.692427
0.315694 0.370811 0.873405
0.589307 -0.0773953 0.804194
0.172079 -0.311875 0.93441
0.335116 -0.821198 0.461879
0.820305 -0.387604 0.420551
-0.98145 0.172667 0.0833137
0.645454 -0.763799 0
-0.337953 0.852863 0.398011
-0.77565 0.493939 0.392927
-0.424476 0.520019 0.741216
-0.771402 0.0710571 0.632369
-0.392778 -0.0330143 0.919041
