-0.843166 -0.537557 0.0101677
-0.786094 -0.354311 0.506478
-0.990836 0.0205824 0.133495
0.920698 0.142013 0.363521
0.659705 0.569496 0.490371
0.139598 0.829468 0.540828
-0.489569 -0.792139 0.36447
-0.354613 -0.478987 0.803008
-0.787523 0.226531 0.573141
-0.445368 0.0164675 0.895196
-0.800831 0.578807 0.153791
0.808508 -0.464542 0.361269
-0.0101677 -0.794987 0.606541
0.439187 -0.822564 0.361252
-0.0500887 -0.996591 0.0655594
0.400749 -0.481669 0.779356
0.639671 -0.0203335 0.76838
0.0412484 -0.0667413 0.996917
-0.37136 0.890128 0.264129
