0.868813 0.410767 0.276468
-0.910127 -0.364213 0.197527
-0.6782 -0.733128 0.0506787
-0.649517 -0.58633 0.484092
0.470917 0.628313 0.619242
0.770242 0.0912016 0.631197
-0.755818 -0.140487 0.639533
-0.946488 0.122519 0.298581
-0.355942 -0.324435 0.876383
-0.443996 0.115223 0.88859
-0.693087 0.378975 0.613195
-0.211927 -0.703837 0.678012
-0.248073 -0.929073 0.274377
0.263677 0.944158 0.197584
-0.100949 0.686355 0.720226
0.194795 0.23113 0.953223
0.232727 -0.969094 0.0818269
-0.471716 0.819222 0.326128
-0.812317 0.54443 0.209133
0.627589 -0.763944 0.150073
0.888506 -0.406737 0.212418
0.280319 -0.790112 0.545109
0.626469 -0.481837 0.612674
0.181249 -0.360134 0.915124
