0.947061 0.310213 0.0827196
0.714422 0.679389 0.167429
-0.791134 -0.551917 0.263619
-0.9397 -0.132802 0.315162
0.767577 0.380651 0.515685
-0.457934 -0.87463 0.159117
-0.461267 -0.679467 0.570576
-0.707408 -0.320203 0.630114
0.986732 -0.158898 0.0333282
0.90118 -0.0206669 0.432953
-0.0329356 -0.90473 0.42471
-0.722763 0.170263 0.669795
-0.857555 0.412735 0.307
0.769266 -0.478394 0.42352
0.374471 -0.717969 0.586764
0 -0.622292 0.782786
-0.711137 0.702764 0.0201637
0.377214 -0.910172 0.171163
-0.287919 -0.325822 0.900523
0 0.99985 0.0172983
-0.370201 0.0988821 0.923674
0.544504 0.0367932 0.837951
0.0655594 -0.0500887 0.996591
0.342848 0.442867 0.828447
0.0985897 0.879652 0.465287
-0.371304 0.884843 0.281401
