-0.819207 -0.572056 0.0406404
0.997924 0.0621965 0.016699
0.85264 0.274694 0.444464
0.597655 0.700485 0.390037
-0.842217 -0.283442 0.458618
0.871054 -0.227685 0.43523
-0.881437 0.471153 0.0329221
-0.884126 0.199237 0.422641
0.583727 -0.030491 0.811377
0.487642 0.43367 0.757717
0.52866 -0.490264 0.692936
0.580163 -0.75457 0.306651
0.162389 -0.296197 0.941221
0.147318 0.182338 0.972137
0.104109 0.796935 0.595026
-0.492212 0.829821 0.262914
-0.334692 0.653497 0.678913
-0.578496 0.267971 0.770411
-0.277908 -0.0331819 0.960034
0.0500469 -0.989623 0.134691
-0.354311 -0.506478 0.786094
0.0907758 -0.697777 0.71054
