-0.843166 -0.537557 0.0101677
0.745028 0.150462 0.649842
0.984427 0.0924216 0.149541
-0.920698 -0.142013 0.363521
-0.683945 -0.545258 0.484678
-0.488911 -0.857929 0.157874
0.496714 0.8037 0.32763
0.0667094 0.991648 0.110385
0.343989 0.52318 0.779714
0.0101677 0.827781 0.560959
-0.942119 0.300289 0.149123
-0.546783 0.684319 0.482427
-0.753054 0.254248 0.606851
-0.265155 0.401033 0.87685
-0.583429 -0.180328 0.791892
0.72027 -0.691854 0.0504893
0.263541 -0.904573 0.335103
-0.187432 -0.749786 0.634579
0.44469 -0.271003 0.853703
-0.0513882 -0.317176 0.946973
