0.429646 -0.06589 0.90059
0.944806 0.172245 0.278699
0.695159 0.611627 0.377712
0.325477 0.526633 0.785317
0.199094 0.944433 0.26155
0.8037 -0.32763 0.496714
-0.954845 0.295262 0.0330481
-0.941319 -0.189803 0.279094
-0.142301 0.263694 0.954052
-0.142301 -0.263694 0.954052
0.374263 -0.661597 0.649783
-0.66803 0.619094 0.412866
-0.160622 0.702046 0.69378
-0.7054 0.150834 0.692575
0.198623 -0.95746 0.209329
0.674709 -0.729676 0.111089
-0.596025 -0.437001 0.673636
-0.154382 -0.747714 0.645826
-0.577518 -0.79445 0.187942
