-0.9674042 -0.24057223 0.079083002
0.6706419 0.69708106 0.25360883
-0.61848556 -0.75118247 0.23065235
0.91047537 0.1258611 0.39394617
0.28211279 0.95568354 0.08415071
0.61677162 0.42875334 0.66012373
0.28135332 0.78275828 0.55509439
-0.14909201 0.91963504 0.36337716
-0.1227938 0.60638448 0.78563321
0.22839975 0.29549362 0.9276406
-0.78552135 0.444397 0.43065939
-0.50643322 0.30225336 0.80756938
0.78903065 -0.39901761 0.4671355
0.63375037 -0.048050352 0.7720438
0.42192798 -0.70824109 0.56601354
-0.18641712 -0.88682442 0.42283698
-0.49102478 -0.56288207 0.66487475
-0.30781212 -0.12471237 0.94323832
-0.0024928235 -0.61161618 0.79115071
0.17730745 -0.19041576 0.96555886
