0.825267 0.281821 0.489399
0.0103355 0.510664 0.859718
0.262866 0.951056 0.16246
-0.262866 0.951056 0.16246
0.454978 0.669276 0.587422
-0.443388 0.683971 0.579301
-0.525731 0 0.850651
-0.309017 0.5 0.809017
0 -0.0334035 0.999442
-0.809017 -0.309017 0.5
-0.809017 0.309017 0.5
-0.16246 0.262866 0.951056
-0.320484 -0.294703 0.900244
-0.868613 0 0.49549
-0.587785 0.425325 0.688191
-0.554337 -0.467086 0.68887
-0.3158 -0.735032 0.599999
0.0266209 -0.84577 0.532883
0.309017 -0.5 0.809017
-0.165671 -0.964409 0.206081
0.376764 -0.749511 0.544318
-0.486392 -0.820401 0.300607
-0.0508195 -0.586189 0.808579
0.215174 -0.951568 0.219588
