-0.0206686 0.367868 0.929648
-0.843349 -0.342388 0.414165
-0.994881 -0.0758623 0.0667655
0.891007 0.238677 0.386187
0.279357 0.703066 0.653955
-0.591844 -0.734877 0.331173
0.837951 0.544504 0.0367932
-0.504275 -0.483519 0.715483
-0.639671 -0.0203335 0.76838
-0.871755 0.178707 0.456188
-0.134388 -0.768075 0.626099
-0.132969 -0.970095 0.203063
0.26071 -0.870358 0.417742
-0.921919 0.381722 0.0659884
0.893867 -0.272133 0.356294
0.727449 -0.648117 0.225306
0.56516 -0.546902 0.61765
0.187894 -0.470817 0.86199
-0.182875 -0.0999013 0.978047
0.686707 -0.130852 0.71506
0.306082 -0.0495553 0.950714
0.5977 0.28885 0.747877
-0.653497 0.678913 0.334692
-0.265906 0.962057 0.0611555
0.149385 0.952437 0.26561
-0.235617 0.715788 0.657367
