0.962003 0.264825 0.0664684
0.715788 0.657367 0.235617
-0.771104 -0.585081 0.251154
-0.446838 -0.889988 0.0908733
-0.90344 -0.111464 0.413972
-0.438475 -0.737478 0.513679
-0.627041 -0.371309 0.684798
-0.657835 0.101072 0.746349
-0.253935 -0.0499438 0.965931
-0.147348 -0.504956 0.850475
0 -0.819885 0.572529
-0.0166674 -0.988779 0.148454
-0.159117 0.457934 0.87463
0.187522 0.691585 0.697528
-0.454978 0.669276 0.587422
-0.248001 0.938599 0.239847
-0.840422 0.367153 0.39861
-0.651286 0.747464 0.13086
0.415139 -0.855862 0.308479
0.359861 -0.548854 0.754493
0.947665 -0.152636 0.280417
0.626546 0.345356 0.698692
0.683488 -0.194886 0.703465
0.247326 -0.0665669 0.966643
