0.870358 0.417742 0.26071
-0.900031 -0.359256 0.246737
-0.633653 -0.773017 0.0304831
-0.569764 -0.621306 0.53791
0.522986 0.712531 0.467745
-0.21536 -0.93279 0.289002
0.149256 0.965555 0.213133
-0.080823 -0.687658 0.721522
0.0303309 0.72085 0.692427
-0.0412273 0.167 0.985095
0.589307 -0.0773953 0.804194
0.162389 -0.296197 0.941221
0.339873 -0.828923 0.444267
0.820305 -0.387604 0.420551
-0.98145 0.172667 0.0833137
0.645454 -0.763799 0
-0.353281 0.850133 0.39047
-0.77565 0.493939 0.392927
-0.4345 0.503033 0.747106
-0.782786 0 0.622292
-0.390332 -0.213084 0.895676
