-0.850651 -0.525731 0
-0.786094 -0.354311 0.506478
-0.990836 -0.0205824 0.133495
0.920698 0.142013 0.363521
0.659705 0.569496 0.490371
0.475762 0.870062 0.129005
-0.515685 -0.767577 0.380651
-0.354613 -0.478987 0.803008
-0.787523 0.226531 0.573141
-0.445368 0.0164675 0.895196
-0.828416 0.546427 0.123065
0.794924 -0.466914 0.38741
-0.0101677 -0.794987 0.606541
0.439187 -0.822564 0.361252
-0.0333805 -0.995397 0.0898328
0.400749 -0.481669 0.779356
0.626086 0.0911447 0.774409
0.0412484 -0.0667413 0.996917
-0.427873 0.892852 0.140501
