-0.850651 -0.525731 0
0.999807 0.010322 0.0167014
0.836201 0.273236 0.475511
-0.861255 -0.236644 0.449711
0.56552 0.714752 0.41148
0.846805 -0.264546 0.461451
0.853334 -0.521105 0.0164517
-0.85264 0.274694 0.444464
0.532883 -0.0266209 0.84577
0.363003 0.464593 0.807702
-0.520019 0.741216 0.424476
0.0824592 0.909184 0.408148
-0.290285 0.503093 0.814022
-0.567261 0.0571345 0.821554
-0.0918667 -0.248925 0.964156
0.227241 -0.596535 0.769745
0.416536 -0.907657 0.0515406
-0.0999554 -0.990313 0.0963765
