-0.850651 -0.525731 0
-0.583704 -0.776767 0.236482
-0.792129 -0.425407 0.437676
-0.976527 -0.137228 0.166025
0.947759 0.180051 0.263314
0.74083 0.52158 0.423231
0.540315 0.818253 0.196267
-0.216788 -0.974867 0.0513472
0.727956 0.131116 0.67297
-0.457792 -0.606985 0.649612
-0.179887 -0.866024 0.466522
0.0495089 0.92062 0.387309
0.305819 0.690418 0.655589
0.38906 0.323266 0.862631
0.327637 -0.165399 0.930213
-0.0507842 -0.609853 0.790885
-0.535063 -0.156089 0.830267
-0.102565 0.165954 0.980785
-0.826544 0.010177 0.562781
-0.0697823 0.561522 0.824514
-0.496492 0.325185 0.804829
-0.356472 0.772385 0.52569
-0.933498 0.355142 0.0495457
-0.680462 0.683132 0.265144
0.558421 -0.819548 0.128479
0.329009 -0.700122 0.633705
0.719737 -0.547005 0.427509
