0.856126 0.458458 0.238463
-0.998691 0.010322 0.0501069
0.850487 0.0196337 0.52563
0.535921 0.502118 0.678725
0.525731 0 0.850651
0.587422 -0.454978 0.669276
0.863857 -0.440683 0.244027
-0.714445 0.6386 0.285935
0.112747 0.349383 0.930172
0.152636 -0.280417 0.947665
-0.309017 -0.5 0.809017
-0.289866 0 0.957067
0.167429 -0.714422 0.679389
0.430138 -0.862734 0.26584
-0.753635 -0.559719 0.344599
-0.791855 -0.010177 0.610624
-0.259892 -0.862668 0.433889
0.460882 0.879344 0.119755
-0.14962 0.975431 0.161704
-0.325165 0.666008 0.671342
