-0.850651 -0.525731 0
-0.602856 -0.71438 0.355282
-0.845546 -0.317287 0.429396
-0.993413 -0.0931376 0.0667474
0.903701 0.237493 0.356262
0.66803 0.619094 0.412866
0.494553 0.867079 0.0599265
0.926741 -0.267028 0.264286
0.232793 0.848045 0.476053
-0.503322 -0.403129 0.7643
-0.165615 -0.936027 0.310525
-0.150834 -0.692575 0.7054
-0.0166915 0.993346 0.113951
-0.914155 0.333047 0.231086
0.734383 -0.665958 0.131075
0.356294 -0.893867 0.272133
-0.604977 0.728226 0.322009
0.588713 -0.551333 0.591142
-0.671124 0.0506507 0.739613
-0.14007 0.617014 0.774386
0.697769 -0.120696 0.706082
0.31762 0.485931 0.814241
-0.157351 0.19858 0.967371
