-0.957048 -0.282237 0.0663481
0.76008 0.594834 0.26163
-0.703983 -0.672319 0.2289
0.899037 0.150786 0.411092
0.350426 0.933818 0.0720075
0.595414 0.384153 0.705627
0.2952 0.75821 0.581356
-0.132406 0.942402 0.30716
-0.179895 0.658103 0.731122
0.1521 0.346431 0.925663
-0.813172 0.479279 0.330215
-0.528204 0.286368 0.799371
0.795871 -0.43352 0.422669
0.64783 -0.0910813 0.75632
0.423231 -0.74083 0.52158
-0.065943 -0.907978 0.413796
-0.440091 -0.61176 0.65732
-0.310525 -0.165615 0.936027
0.0406575 -0.598369 0.800188
0.196051 -0.149417 0.969143
