-0.850651 -0.525731 0
0.951056 0.16246 0.262866
-0.951056 -0.16246 0.262866
-0.495384 -0.868428 0.0206668
0.688191 0.587785 0.425325
-0.6588 -0.604016 0.448494
1 0 0
0.850651 -0.525731 0
0.951056 -0.16246 0.262866
-0.951056 0.16246 0.262866
0.510664 -0.859718 0.0103355
0.688191 -0.587785 0.425325
-0.683971 0.579301 0.443388
0.809017 -0.309017 0.5
0.525731 0 0.850651
0.142301 0.263694 0.954052
0 -0.334425 0.942422
0.850651 0 0.525731
0.587785 0.425325 0.688191
0.579301 -0.443388 0.683971
0.309017 0.5 0.809017
0 0.850651 0.525731
0.5 0.809017 0.309017
-0.5 0.809017 0.309017
