-0.924096 -0.344643 0.165129
0.847202 0.469431 0.248763
-0.697777 -0.71054 0.0907758
0.981641 0.0515332 0.183645
-0.669612 -0.552418 0.496441
0.510043 0.791864 0.335869
0.283526 0.958909 0.0103365
-0.364256 -0.840563 0.400964
-0.828815 -0.118359 0.54686
-0.967599 0.132743 0.214782
-0.514686 -0.248125 0.82069
-0.263489 -0.59402 0.760075
0.0977178 -0.785784 0.610733
0.116307 -0.970736 0.210106
0.874142 -0.451063 0.180052
0.489569 -0.792139 0.36447
-0.0307329 -0.283415 0.958505
0.43352 -0.422669 0.795871
0.792524 0.139437 0.593687
0.526382 0.519296 0.673241
0.364213 0.197527 0.910127
-0.0924216 0.149541 0.984427
-0.524997 0.258941 0.810757
-0.710126 0.494845 0.500849
-0.509432 0.857723 0.0692064
-0.0997129 0.962733 0.2514
