-0.853334 -0.521105 0.0164517
0.999807 0.010322 0.0167014
0.818713 0.27144 0.505993
-0.825267 -0.281821 0.489399
0.557441 0.735121 0.38582
0.825267 -0.281821 0.489399
0.843166 -0.537557 0.0101677
-0.85264 0.274694 0.444464
0.43413 -0.0988432 0.895411
0.292081 0.472596 0.83147
-0.477439 0.772513 0.41866
0.0660424 0.946198 0.316778
-0.290285 0.503093 0.814022
-0.567261 0.0571345 0.821554
-0.102238 -0.299185 0.948702
0.177782 -0.702869 0.688745
0.349974 -0.932191 0.0924032
-0.390436 -0.827488 0.403514
