0.861222 0.426964 0.275679
-0.921523 -0.323426 0.214921
-0.665715 -0.741796 0.0810009
0.98732 -0.0514859 0.15016
0.467145 0.783852 0.409087
-0.581952 -0.54065 0.607478
-0.742798 -0.0608514 0.666745
-0.91392 0.261232 0.310659
-0.27165 -0.215481 0.937963
-0.212418 -0.888506 0.406737
0.282369 -0.737264 0.613767
0.678913 -0.334692 0.653497
0.242142 -0.279764 0.929031
0.545902 0.402302 0.734945
0.132743 0.214782 0.967599
0.298581 -0.946488 0.122519
0 0.957067 0.289866
0.101117 0.664414 0.740492
-0.550617 0.524996 0.648999
