-0.850651 -0.525731 0
0.371748 -0.601501 0.707107
-0.371748 0.601501 0.707107
0.335723 0.794268 0.506388
-0.335723 -0.794268 0.506388
0.867079 -0.0599265 0.494553
-0.867079 0.0599265 0.494553
0.167113 -0.985938 0
0.320632 0.182039 0.929547
-0.320632 -0.182039 0.929547
0.803469 -0.595347 0
-0.433045 -0.901372 0
-0.714084 -0.439869 0.54461
0.707553 0.429454 0.561193
-0.0206668 -0.495384 0.868428
0.999402 -0.0345915 0
-0.680649 0.611577 0.40335
0.431718 -0.228249 0.872652
-0.244931 0.879153 0.408776
0.277175 -0.876128 0.394429
0.657562 -0.634393 0.406396
-0.0103356 0.448875 0.893535
-0.399636 0.229049 0.887597
-0.406609 -0.524316 0.748173
-0.920063 0.316139 0.231386
0.132792 0.966393 0.220117
0.646409 0.111177 0.754848
