-0.924351 -0.351493 0.148416
0.806698 0.50387 0.308793
-0.677308 -0.73228 0.0708441
0.977844 0.0616677 0.200046
-0.683945 -0.545258 0.484678
0.344498 0.836323 0.42648
0.283526 0.958909 0.0103365
-0.307 -0.857555 0.412735
-0.828815 -0.118359 0.54686
-0.967599 0.132743 0.214782
-0.514686 -0.248125 0.82069
-0.263489 -0.59402 0.760075
0.124373 -0.777897 0.615961
0.132969 -0.970095 0.203063
0.874142 -0.451063 0.180052
0.519525 -0.773811 0.362368
0.0203965 -0.266349 0.963661
0.479279 -0.330215 0.813172
0.768447 0.110868 0.630236
0.492543 0.529858 0.690399
0.247162 0.231772 0.940847
-0.303449 0.182273 0.935252
0.0203519 0.64532 0.763641
-0.630816 0.520528 0.575431
-0.508616 0.856398 0.0888432
-0.148416 0.924351 0.351493
