0.953523 0.300866 0.0165266
0.75006 0.628968 0.204473
-0.771546 -0.591475 0.234254
-0.898629 -0.199999 0.390469
-0.464213 -0.88476 0.0412992
0.842217 0.283442 0.458618
-0.428402 -0.777195 0.460913
-0.634846 -0.435687 0.63808
-0.985394 0.124039 0.116672
0.942117 -0.112543 0.315831
0.520528 0.575431 0.630816
0.291383 0.859517 0.419913
-0.0831252 -0.962525 0.258139
-0.0333282 0.986732 0.158898
0.535328 0.112743 0.837086
0.717059 -0.233506 0.656735
0.0304597 -0.777201 0.628515
0.367153 -0.39861 0.840422
-0.208476 -0.437514 0.874711
-0.368238 0.147941 0.917886
-0.730548 0.225967 0.64439
-0.147705 0.735916 0.660765
-0.54065 0.607478 0.581952
-0.826878 0.483462 0.287294
-0.430138 0.862734 0.26584
0.856789 -0.495845 0.141601
0.330834 -0.932869 0.14249
