0.82831 0.490539 0.270692
-0.930213 -0.327637 0.165399
-0.664414 -0.740492 0.101117
-0.687574 -0.519216 0.507599
0.976095 0.0103229 0.217097
0.464593 0.807702 0.363003
0.150073 0.627589 0.763944
0.606979 0.299138 0.73627
-0.233395 -0.971515 0.0410412
-0.314544 -0.815133 0.486437
0 0.928448 0.371461
0.0821974 0.166437 0.98262
0.891338 -0.450643 0.04938
0.510664 -0.859718 0.0103355
0.773429 -0.28175 0.567825
0.210954 -0.761094 0.61338
-0.380679 0.727991 0.570186
-0.76112 0.495547 0.418485
-0.818031 -0.0203418 0.574815
-0.547979 0.307498 0.777923
-0.453679 -0.131555 0.881402
-0.0823236 -0.399607 0.912982
0.399636 -0.229049 0.887597
