0.966643 0.247326 0.0665669
-0.768229 -0.56477 0.301428
0.703837 0.678012 0.211927
-0.905103 -0.0917393 0.415177
-0.378902 -0.912945 0.151539
0.76732 0.298773 0.56741
-0.335617 -0.711034 0.617893
-0.571727 -0.284746 0.769446
-0.568613 0.257444 0.781282
-0.953523 0.300866 0.0165266
0.86199 -0.187894 0.470817
-0.734945 0.545902 0.402302
0.687658 -0.721522 0.080823
0.0824854 -0.929336 0.359903
0.574554 -0.595223 0.56178
0.119078 -0.57114 0.812169
0.512224 -0.178514 0.840095
0.38368 0.648818 0.657134
-0.102062 0.398474 0.911483
