0.880251 0.415958 0.228338
-0.902577 -0.373776 0.21365
-0.689842 -0.723674 0.0203518
-0.63808 -0.634846 0.435687
0.996917 0.0412484 0.0667413
0.561193 0.707553 0.429454
0.311875 0.93441 0.172079
-0.341154 -0.902537 0.262757
-0.769745 -0.227241 0.596535
-0.933818 0.0720075 0.350426
0.867921 0.0403044 0.495064
0.642232 0.364721 0.674179
0.087495 0.795155 0.60006
0.187894 0.470817 0.86199
0.557393 -0.133342 0.819471
0.203321 0.0499845 0.977835
-0.235617 -0.715788 0.657367
0.131915 -0.380432 0.915352
-0.439331 -0.381484 0.813301
-0.220276 -0.0499757 0.974156
-0.584232 0.0938675 0.80614
-0.229434 0.371232 0.899748
-0.72031 0.450096 0.527794
0.0999844 -0.99184 0.0790967
-0.767889 0.639293 0.0406258
0.86405 -0.357403 0.354516
0.206416 -0.857383 0.471472
