0.862668 0.433889 0.259892
-0.961938 -0.273266 0
0.702046 0.69378 0.160622
-0.862668 -0.433889 0.259892
-0.702046 -0.69378 0.160622
0.961938 -0.273266 0
0.862668 -0.433889 0.259892
0.527686 -0.797844 0.291536
-0.862668 0.433889 0.259892
-0.702046 0.69378 0.160622
0.273266 0 0.961938
0.69378 0.160622 0.702046
0.433889 0.259892 0.862668
0.69378 -0.160622 0.702046
0.433889 -0.259892 0.862668
0.160622 0.702046 0.69378
0.259892 0.862668 0.433889
-0.160622 0.702046 0.69378
-0.259892 0.862668 0.433889
0 0.999402 0.0345915
-0.433889 0.259892 0.862668
-0.273266 0 0.961938
-0.69378 0.160622 0.702046
-0.668819 -0.201635 0.715559
