-0.850651 -0.525731 0
0.950468 0.132444 0.281192
-0.976427 -0.0820588 0.199641
0.715483 0.504275 0.483519
-0.766941 -0.40881 0.494647
0.499474 0.84158 0.205591
-0.527686 -0.797844 0.291536
-0.338701 -0.604015 0.721421
-0.0667634 -0.996049 0.0585641
0.0328985 -0.855761 0.516324
-0.0164666 0.887356 0.460791
0.295888 0.618749 0.727737
0.533864 0.19899 0.821822
0.768993 -0.179094 0.613657
0.397634 -0.43132 0.809846
0.415177 -0.905103 0.0917393
0.812225 -0.550529 0.192895
-0.618049 0.721243 0.312769
-0.693432 0.353435 0.627882
-0.254807 0.356275 0.898967
-0.116967 -0.133245 0.984157
