-0.850651 -0.525731 0
0.772513 0.41866 0.477439
0.98606 0.072033 0.14999
-0.93024 -0.162122 0.329196
-0.683945 -0.545258 0.484678
-0.488911 -0.857929 0.157874
0.496714 0.8037 0.32763
0.0667094 0.991648 0.110385
0.367585 0.561351 0.741463
0.0101677 0.827781 0.560959
-0.941542 0.293271 0.165805
-0.546783 0.684319 0.482427
-0.753054 0.254248 0.606851
-0.325964 0.443484 0.834907
-0.59939 -0.173961 0.781325
0.72027 -0.691854 0.0504893
0.295192 -0.926243 0.234383
-0.180837 -0.738296 0.649782
0.44469 -0.271003 0.853703
-0.0412757 -0.367605 0.929066
