-0.82407987 -0.56453231 -0.046857537
0.75427097 0.17537463 0.63270771
0.98887305 -0.0065272058 0.1486186
-0.92936949 -0.1318854 0.34478775
-0.68455274 -0.57370093 0.44972746
-0.37627462 -0.90579964 0.19479326
0.43003414 0.84614573 0.3148143
-0.031566022 0.99357289 0.1087037
0.36537799 0.50497036 0.78198712
-0.0051016196 0.80789802 0.58930023
-0.89915957 0.40436714 0.16732986
-0.54326273 0.69659861 0.46863204
-0.73217114 0.24629476 0.63503095
-0.23438161 0.36529317 0.90090297
-0.56342124 -0.21309988 0.7982136
0.61685559 -0.78633992 0.034039957
0.23452754 -0.90291063 0.3602072
-0.23383224 -0.71925987 0.6542077
0.44229686 -0.24554272 0.86260203
-0.080335231 -0.32080851 0.94373097
