-0.89596186 -0.16314638 0.41308064
-0.70013936 -0.70039059 0.13877279
0.53296332 -0.84014522 0.10052913
0.42809038 0.74689283 0.50881207
0.94074179 0.24639649 0.23300997
-0.32419803 0.79371164 0.51470133
0.11823449 0.99298438 -0.0016226122
-0.4494612 -0.50512616 0.73677146
0.26126813 -0.70644492 0.65778001
0.60683178 0.19727798 0.76995882
0.8096724 -0.34028783 0.47815771
0.03429074 0.43798731 0.89832692
0.082534609 -0.18928932 0.97844652
-0.53572125 0.14949776 0.83105545
-0.82772512 0.46055718 0.3205592
