0.809017 0.309017 0.5
-0.961938 -0.273266 0
0.944806 -0.172245 0.278699
-0.951056 0.16246 0.262866
0.679389 -0.167429 0.714422
-0.678241 -0.603556 0.419176
-0.69378 0.160622 0.702046
0.433889 0.259892 0.862668
-0.273266 0 0.961938
0.16246 -0.262866 0.951056
-0.32763 -0.496714 0.8037
0.458345 -0.836407 0.300572
0.140687 -0.704207 0.695916
0.702046 0.69378 0.160622
0.425325 0.688191 0.587785
0 0.525731 0.850651
-0.454978 0.669276 0.587422
-0.734383 0.665958 0.131075
0.262866 0.951056 0.16246
-0.278699 0.944806 0.172245
-0.165129 -0.924096 0.344643
