-0.850651 -0.525731 0
0.951056 0.16246 0.262866
-0.954052 -0.142301 0.263694
0.961938 -0.273266 0
0.809017 -0.309017 0.5
-0.791864 0.335869 0.510043
0.69378 0.160622 0.702046
0.663547 0.611676 0.430765
0.246355 0.594067 0.765764
0.273266 0 0.961938
0.346117 -0.493236 0.798073
-0.152636 0.280417 0.947665
-0.152636 -0.280417 0.947665
-0.525731 0 0.850651
-0.603556 -0.419176 0.678241
-0.160622 -0.702046 0.69378
-0.5 -0.809017 0.309017
0.245615 -0.886393 0.392403
0.702046 -0.69378 0.160622
0.262866 0.951056 0.16246
-0.262866 0.951056 0.16246
-0.393711 0.693058 0.603872
