-0.848119 -0.528052 0.0430772
0.944806 0.172245 0.278699
-0.942117 -0.112543 0.315831
0.957067 -0.289866 0
0.791864 -0.335869 0.510043
-0.72031 0.450096 0.527794
0.683488 0.194886 0.703465
0.678241 0.603556 0.419176
0.269495 0.631995 0.726605
0.273266 0 0.961938
0.32763 -0.496714 0.8037
-0.18903 0.439485 0.878135
-0.152636 -0.280417 0.947665
-0.551042 0.0634368 0.832063
-0.596025 -0.437001 0.673636
-0.140967 -0.72382 0.675435
-0.437514 -0.874711 0.208476
0.11646 -0.974261 0.193011
0.622292 -0.782786 0
0.148931 0.936504 0.31746
