0.941542 0.293271 0.165805
-0.816906 -0.493756 0.298111
0.67297 0.727956 0.131116
-0.958909 0.0103365 0.283526
0.648494 0.485894 0.585972
0.954966 -0.233959 0.182491
0.791855 -0.010177 0.610624
-0.799371 0.528204 0.286368
0.320632 0.182039 0.929547
0.649842 -0.745028 0.150462
0.53791 -0.569764 0.621306
0.201189 -0.32553 0.92388
0.0606641 0.688679 0.722524
-0.294993 0.906067 0.303351
-0.202078 0.214931 0.955494
-0.663207 -0.218637 0.715789
-0.262631 -0.519735 0.812958
0.083752 -0.815019 0.573349
