0.862668 0.433889 0.259892
-0.961938 -0.273266 0
0.961938 -0.273266 0
0.862668 -0.433889 0.259892
0.69378 0.160622 0.702046
0.69378 -0.160622 0.702046
0.433889 0.259892 0.862668
0.160622 0.702046 0.69378
0.259892 0.862668 0.433889
0.702046 0.69378 0.160622
-0.259892 0.862668 0.433889
-0.702046 0.69378 0.160622
-0.160622 0.702046 0.69378
0.273266 0 0.961938
-0.433889 0.259892 0.862668
-0.273266 0 0.961938
-0.746865 -0.536894 0.392349
-0.862668 0.433889 0.259892
-0.69378 -0.160622 0.702046
-0.69378 0.160622 0.702046
-0.433889 -0.259892 0.862668
0.433889 -0.259892 0.862668
-0.342087 -0.721652 0.601826
0.160622 -0.702046 0.69378
0 0.961938 0.273266
0 -0.961938 0.273266
