0.9561 0.288796 0.0497061
0.727361 0.653878 0.208302
-0.781282 -0.568613 0.257444
-0.446838 -0.889988 0.0908733
-0.907411 -0.141411 0.395738
-0.438475 -0.737478 0.513679
-0.619186 -0.361592 0.697037
-0.651153 0.137784 0.746334
-0.303549 -0.0993701 0.94762
-0.147348 -0.504956 0.850475
0 -0.819885 0.572529
-0.0166674 -0.988779 0.148454
-0.238677 0.386187 0.891007
0.150834 0.692575 0.7054
-0.425325 0.688191 0.587785
-0.248001 0.938599 0.239847
-0.850783 0.358363 0.384375
-0.651286 0.747464 0.13086
0.415646 -0.872496 0.256883
0.746865 -0.536894 0.392349
0.397198 -0.609241 0.686338
0.330607 -0.198387 0.922682
0.249782 0.264261 0.931544
0.587422 0.454978 0.669276
0.720226 -0.100949 0.686355
