0.862668 0.433889 0.259892
1 0 0
0.850651 0 0.525731
0.561614 0.478954 0.67468
0.525731 0 0.850651
0.596025 -0.437001 0.673636
0.862668 -0.433889 0.259892
-0.862668 0.433889 0.259892
0.132432 0.347999 0.928094
0.152636 -0.280417 0.947665
-0.309017 -0.5 0.809017
-0.273266 0 0.961938
0.177782 -0.702869 0.688745
0.5 -0.809017 0.309017
-0.683971 -0.579301 0.443388
-0.859718 -0.0103355 0.510664
-0.259892 -0.862668 0.433889
0.525326 0.849995 0.0392598
0 0.99985 0.0172983
-0.485931 0.814241 0.31762
-0.530463 0.433071 0.728738
0.19899 0.821822 0.533864
