0.871637 0.42501 0.244164
-0.896401 -0.397351 0.196412
-0.67906 -0.734013 0.0101776
-0.633322 -0.627168 0.453392
0.996917 0.0412484 0.0667413
0.54461 0.714084 0.439869
0.214931 0.955494 0.202078
-0.341154 -0.902537 0.262757
-0.769745 -0.227241 0.596535
-0.933818 0.0720075 0.350426
0.867921 0.0403044 0.495064
0.592854 0.332167 0.733613
0.087495 0.795155 0.60006
0.159117 0.457934 0.87463
0.507872 -0.264871 0.819701
0.209964 0.0333216 0.977141
-0.235617 -0.715788 0.657367
0.0917393 -0.415177 0.905103
-0.439331 -0.381484 0.813301
-0.220276 -0.0499757 0.974156
-0.584232 0.0938675 0.80614
-0.341435 0.552453 0.760406
-0.726198 0.46013 0.510799
-0.283526 0.958909 0.0103365
-0.740506 0.671973 0.0101683
0.862631 -0.38906 0.323266
0.490331 -0.759957 0.426662
