0.809017 0.309017 0.5
-0.961938 -0.273266 0
0.950468 -0.132444 0.281192
-0.947665 0.152636 0.280417
0.419913 0.291383 0.859517
0.69378 -0.160622 0.702046
0 0 1
0.0196337 -0.52563 0.850487
-0.433889 -0.259892 0.862668
-0.809017 -0.309017 0.5
-0.437001 -0.673636 0.596025
0.673636 -0.596025 0.437001
-0.702046 -0.69378 0.160622
-0.263694 -0.954052 0.142301
0 -0.850651 0.525731
-0.69378 0.160622 0.702046
-0.510664 0.859718 0.0103355
-0.6588 0.604016 0.448494
0.850651 -0.525731 0
-0.234661 0.535856 0.811044
0.453804 0.818208 0.352984
-0.0824101 0.901881 0.424051
