-0.850651 -0.525731 0
-0.843349 -0.342388 0.414165
-0.991648 -0.110385 0.0667094
0.907381 0.245481 0.341173
0.678241 0.603556 0.419176
0.53613 0.839466 0.0886599
-0.604977 -0.728226 0.322009
-0.52118 -0.478214 0.706882
-0.670244 -0.0708124 0.738755
-0.868535 0.198227 0.454262
-0.206749 -0.782406 0.587448
-0.132969 -0.970095 0.203063
0.244164 -0.871637 0.42501
-0.921919 0.381722 0.0659884
0.893867 -0.272133 0.356294
0.727449 -0.648117 0.225306
0.56516 -0.546902 0.61765
0.19678 -0.485234 0.851954
-0.200013 -0.0997764 0.9747
0.686707 -0.130852 0.71506
0.316778 -0.0660424 0.946198
0.5977 0.28885 0.747877
-0.679996 0.676853 0.281913
-0.265906 0.962057 0.0611555
0.149467 0.961495 0.230622
0.2952 0.75821 0.581356
