0.862668 0.433889 0.259892
1 0 0
0.850651 0 0.525731
0.587785 0.425325 0.688191
0.525731 0 0.850651
0.571788 -0.431311 0.697875
0.862668 -0.433889 0.259892
-0.862668 0.433889 0.259892
0.132444 0.281192 0.950468
0.152636 -0.280417 0.947665
-0.309017 -0.5 0.809017
-0.273266 0 0.961938
0.160622 -0.702046 0.69378
0.5 -0.809017 0.309017
-0.683971 -0.579301 0.443388
-0.859718 -0.0103355 0.510664
-0.259892 -0.862668 0.433889
-0.525731 -0.850651 0
0.0667413 -0.996917 0.0412484
-0.485931 0.814241 0.31762
0.271003 0.853703 0.44469
-0.150834 0.692575 0.7054
-0.587785 0.425325 0.688191
