0.909189 0.357089 0.214154
-0.861222 -0.426964 0.275679
0.656004 0.753045 0.0508214
-0.993091 0.0103221 0.116889
-0.507437 -0.754221 0.416724
0.569764 0.621306 0.53791
0.231086 0.914155 0.333047
-0.166001 -0.973942 0.154536
0.101232 0.641952 0.760032
-0.292299 0.808303 0.511084
-0.283192 0.957699 0.0511296
-0.668732 0.70898 0.223929
0.895411 -0.43413 0.0988432
-0.817523 -0.0406752 0.574458
0.58069 -0.760843 0.289684
0.837822 -0.108201 0.535114
0.52407 0.145808 0.839101
0.151959 -0.848387 0.507097
0.545258 -0.484678 0.683945
-0.292081 -0.472596 0.83147
