0.525731 -0.850651 0
0.583421 0.368394 0.723813
-0.612437 -0.357929 0.704846
-0.988231 -0.152698 -0.00906677
-0.201592 0.318834 0.926124
0.688838 -0.386053 0.613567
0.585576 0.80755 0.0704538
0.0406245 -0.802819 0.594837
0 0.921884 0.387466
-0.816363 0.379516 0.435338
0.181691 -0.327428 0.927243
0.896243 -0.428312 0.115314
0.219665 0.471534 0.854051
-0.0333764 -0.991689 0.12425
-0.551042 0.0634368 0.832063
-0.427143 0.689687 0.584706
-0.711034 -0.617893 0.335617
-0.893193 -0.170212 0.416215
0.45934 -0.00854386 0.88822
0.880289 0.287022 0.377769
-0.214694 -0.4051 0.888707
0.633273 0.662578 0.399944
-0.379877 -0.870055 0.314161
0.449991 -0.704112 0.549303
0.939022 -0.13025 0.318234
-0.364721 -0.674179 0.642232
0.124574 0.172134 0.977165
0.763799 0 0.645454
-0.186315 -0.0499721 0.981218
-0.965025 0.108005 0.238877
-0.189212 0.629751 0.7534
-0.487642 0.43367 0.757717
0.335563 0.898641 0.282564
0.204473 0.75006 0.628968
0.834331 0.527811 0.15908
-0.303459 0.924576 0.230372
-0.703307 0.669686 0.238495
0.694326 -0.684203 0.22311
-0.889734 -0.425955 0.164123
0.28526 -0.934919 0.211078
0.11816 -0.562677 0.818189
-0.743756 0.166016 0.647508
0.440316 -0.36179 0.821724
-0.527794 -0.72031 0.450096
-0.859629 0.479297 0.176954
-0.0394371 0.989017 0.142441
0.845887 -0.315824 0.429802
-0.347097 -0.936818 0.0435355
-0.711554 -0.69428 0.108007
-0.188796 -0.831073 0.523138
0.397957 0.263258 0.87882
-0.110466 0.807761 0.579068
-0.413263 -0.156982 0.896979
-0.772134 -0.269247 0.5756
0.206834 -0.0832144 0.974831
0.990695 -0.1195 0.0651414
0.399888 0.579017 0.710513
-0.102731 -0.596262 0.796189
-0.028081 -0.224396 0.974093
-0.656592 0.468515 0.591084
0.619119 -0.19395 0.76097
-0.524156 -0.839618 0.142483
0.0979865 -0.908716 0.405751
-0.112149 -0.936325 0.332743
0.936044 0.318422 0.149766
0.446242 0.781255 0.436474
-0.730929 0.682232 0.0173863
0.777232 -0.516177 0.359821
-0.281234 0.959571 0.0114155
0.904957 0.067429 0.420127
-0.643236 -0.540848 0.541969
0.503093 -0.814022 0.290285
0.761321 0.312996 0.567824
-0.722524 -0.0606641 0.688679
-0.576888 0.700808 0.419606
-0.357403 0.83074 0.426771
-0.346984 0.148567 0.926029
0.199738 0.972306 0.121353
-0.885772 0.126183 0.446639
0.0168465 0.362504 0.93183
0.253949 -0.809403 0.529506
-0.425624 -0.368277 0.826569
0.600309 0.54375 0.586486
-0.955409 0.279888 0.0941084
0.578976 0.158824 0.799726
-0.955562 -0.211107 0.205753
0.276335 -0.662641 0.696093
0.0302905 0.58188 0.81271
0.631486 -0.578361 0.516453
0.490574 -0.534124 0.688511
