-0.850651 -0.525731 0
0.371748 -0.601501 0.707107
-0.371748 0.601501 0.707107
0.335723 0.794268 0.506388
-0.335723 -0.794268 0.506388
0.867079 -0.0599265 0.494553
-0.867079 0.0599265 0.494553
0.167113 -0.985938 0
0.320632 0.182039 0.929547
-0.320632 -0.182039 0.929547
0.803469 -0.595347 0
-0.433045 -0.901372 0
-0.714084 -0.439869 0.54461
0.707553 0.429454 0.561193
-0.0206668 -0.495384 0.868428
0.999402 -0.0345915 0
-0.680649 0.611577 0.40335
0.431718 -0.228249 0.872652
-0.244931 0.879153 0.408776
0.277175 -0.876128 0.394429
0.657562 -0.634393 0.406396
-0.0103356 0.448875 0.893535
-0.399636 0.229049 0.887597
-0.406609 -0.524316 0.748173
-0.920063 0.316139 0.231386
0.132792 0.966393 0.220117
0.646409 0.111177 0.754848
-0.64783 -0.0910813 0.75632
-0.931544 -0.249782 0.264261
0.644544 0.719017 0.259957
0.351976 0.536103 0.767272
0.0821974 -0.166437 0.98262
-0.199001 -0.949081 0.24422
0.931544 0.249782 0.264261
0.898301 -0.351867 0.263143
-0.517544 0.837403 0.175796
0.515629 -0.834306 0.19509
-0.102565 0.165954 0.980785
0.030491 0.827442 0.560723
-0.65662 -0.705236 0.267381
-0.741307 0.340248 0.578528
0.689192 -0.24829 0.68071
-0.0708124 -0.738755 0.670244
-0.04938 -0.891338 0.450643
-0.624937 0.177504 0.760228
0.120472 0.618331 0.77663
-0.82831 -0.490539 0.270692
0.766941 -0.40881 0.494647
0.558707 0.637204 0.530865
0.844857 0.186322 0.501498
-0.656795 -0.754 0.0101776
0.818438 0.500892 0.281541
-0.157592 0.725274 0.67018
0.513832 0.319378 0.796225
0.930411 -0.366145 0.0165131
-0.10021 -0.994752 0.0206402
-0.827965 -0.186058 0.529014
-0.349974 0.932191 0.0924032
-0.966521 -0.256586 0
0.228706 -0.40347 0.885949
0.150834 -0.692575 0.7054
0.968181 -0.0103229 0.250036
-0.45028 0 0.892888
0.563185 -0.449287 0.693516
-0.463653 0.750207 0.471397
-0.963661 0.0203965 0.266349
0.43277 0.867059 0.246816
-0.628313 -0.619242 0.470917
-0.530962 -0.313441 0.787296
0.0499845 -0.977835 0.203321
-0.570576 0.461267 0.679467
0.210095 0.373379 0.903575
-0.464066 -0.851097 0.245512
-0.82331 0.469123 0.319506
-0.224501 -0.524773 0.821105
0.463653 -0.750207 0.471397
0.52866 0.490264 0.692936
-0.247828 0.400994 0.881921
0.790112 -0.545109 0.280319
0.551042 -0.0634368 0.832063
0.141596 0.0333574 0.989362
0.969143 -0.196051 0.149417
0.156089 -0.830267 0.535063
-0.656519 0.753692 0.0305195
-0.0662061 0.951779 0.299556
-0.112183 -0.281857 0.952875
0.348411 0.67579 0.649552
-0.46639 -0.654295 0.595297
0.981941 0.134278 0.133271
0.826656 0.369398 0.424482
