-0.850651 -0.525731 0
0.371748 -0.601501 0.707107
-0.371748 0.601501 0.707107
0.330849 0.819231 0.4684
-0.316977 -0.810552 0.492475
0.866051 -0.0900213 0.491784
-0.860654 0.0406571 0.507565
0.150204 -0.988642 0.00504041
0.329847 0.177917 0.927117
-0.321015 -0.170822 0.931541
0.808854 -0.588008 0.00128192
-0.433045 -0.901372 0
-0.732272 -0.434708 0.524219
0.683382 0.440579 0.582133
0.014954 -0.488002 0.872714
0.996561 -0.0664419 -0.0495217
-0.667142 0.622253 0.409539
0.420623 -0.243439 0.873965
-0.248515 0.877185 0.410837
0.27975 -0.875328 0.394386
0.643857 -0.629532 0.4349
-0.0182893 0.469055 0.88298
-0.409963 0.241326 0.879598
-0.431835 -0.500126 0.750595
-0.928517 0.298341 0.221017
0.145791 0.965079 0.217643
0.665557 0.117665 0.737014
-0.64783 -0.0910813 0.75632
-0.920799 -0.259843 0.29088
0.644544 0.719017 0.259957
0.299034 0.515106 0.803271
0.0600337 -0.158331 0.985559
-0.210568 -0.944784 0.251085
0.931539 0.262317 0.251844
0.893626 -0.352477 0.277836
-0.525177 0.828773 0.193193
0.517045 -0.836597 0.181028
-0.0937 0.15161 0.983989
0.030491 0.827442 0.560723
-0.657722 -0.711801 0.246457
-0.741307 0.340248 0.578528
0.689192 -0.24829 0.68071
-0.0708124 -0.738755 0.670244
-0.0593021 -0.893863 0.444401
-0.624937 0.177504 0.760228
0.103896 0.626097 0.772793
-0.82831 -0.490539 0.270692
0.766941 -0.40881 0.494647
0.560498 0.647742 0.516016
0.844747 0.158362 0.511198
-0.656795 -0.754 0.0101776
0.804999 0.529718 0.267163
-0.157592 0.725274 0.67018
0.511934 0.299131 0.80526
0.924193 -0.38191 0.00337668
-0.10021 -0.994752 0.0206402
-0.827965 -0.186058 0.529014
-0.349778 0.932223 0.0928201
-0.962345 -0.267565 0.0479615
0.228706 -0.40347 0.885949
0.152299 -0.673262 0.723549
0.955217 -0.018192 0.295346
-0.455975 0.00797391 0.889957
0.563185 -0.449287 0.693516
-0.463653 0.750207 0.471397
-0.962497 0.00522052 0.271242
0.43277 0.867059 0.246816
-0.63254 -0.626768 0.455033
-0.535632 -0.302332 0.788475
0.0477514 -0.977054 0.207571
-0.570576 0.461267 0.679467
0.185722 0.354445 0.916447
-0.464066 -0.851097 0.245512
-0.821065 0.47212 0.320865
-0.217449 -0.526331 0.822004
0.45719 -0.755596 0.469097
0.501635 0.504942 0.702422
-0.242573 0.395603 0.885808
0.788941 -0.554275 0.265238
0.550961 -0.0615918 0.832255
0.153076 0.0486168 0.987018
0.97187 -0.188346 0.1414
0.126337 -0.823092 0.553677
-0.65625 0.754217 0.0222005
-0.0659326 0.952177 0.298349
-0.128203 -0.288659 0.94881
0.351016 0.674991 0.648979
-0.456204 -0.6624 0.594225
0.989553 0.100595 0.103278
0.827652 0.367526 0.424166
