0.518951 0.00838596 0.854763
0.436717 0.253334 0.863192
0.270944 -5.11181e-05 0.962595
0.309017 0.5 0.809017
0.16246 0.262866 0.951056
0 0 1
0.081142 0.62024 0.780204
-0.0671217 0.778768 0.62371
-0.305355 0.504249 0.807769
-0.082324 0.399607 0.912982
-0.219361 0.134453 0.966335
-0.474435 0.122219 0.871765
0.16246 -0.262866 0.951056
0.309017 -0.5 0.809017
-0.1532 -0.268567 0.951
-0.36521 -0.124821 0.922519
-0.375039 -0.383614 0.843911
-0.156434 -0.519258 0.840178
0.081142 -0.62024 0.780204
-0.0846516 -0.779385 0.6208
0.845499 0.376074 0.379077
0.96816 0.204863 0.143867
0.999998 -0.00170321 -0.00118152
0.845895 0.156028 0.510016
0.681498 0.147289 0.716845
0.684424 -0.150511 0.713379
0.845801 -0.15519 0.510428
0.959338 -0.00872134 0.282126
0.966468 -0.219284 0.133619
0.844214 -0.375746 0.382254
0.904362 -0.426766 -0.000498287
-0.910879 -0.412577 -0.00889329
-0.86389 -0.440893 0.243531
-0.891136 -0.229231 0.391573
-0.967348 -0.212679 0.137862
-0.856802 -1.31976e-05 0.515645
-0.698806 0.00353752 0.715302
-0.961607 0.00170016 0.274425
-0.966749 0.217186 0.135008
-0.845255 0.378207 0.377495
0.000422071 0.909274 0.416198
0.248628 0.860715 0.444245
0.391573 0.891136 0.229231
0.138747 0.967578 0.211052
0.612054 0.755642 0.233228
-0.247834 0.860804 0.444517
-0.138647 0.967518 0.211392
-0.390721 0.891525 0.229174
-0.607969 0.757999 0.236245
-0.00297428 -0.908944 0.416908
0.247291 -0.861039 0.444363
0.137632 -0.96725 0.213271
9.79556e-05 -1 -0.000148111
0.390721 -0.891525 0.229174
0.51645 -0.856318 0
0.278544 -0.960423 0.00118179
0.607969 -0.757999 0.236245
0.71671 -0.697372 0
-0.5 -0.809017 0.309017
-0.139268 -0.967673 0.21027
-0.601903 -0.795177 0.0735291
-0.783504 -0.617173 0.0722403
-0.281422 -0.959584 -0.000369643
0.296005 0.70231 0.647412
0.483644 0.748209 0.454172
0.706781 0.381119 0.595994
0.680778 0.587808 0.437062
0.513375 0.564254 0.646578
0.798304 0.563614 0.21225
0.516122 -0.346153 0.783452
0.706183 -0.381096 0.596717
0.296005 -0.70231 0.647412
0.47701 -0.751907 0.455079
0.682434 -0.58775 0.43455
0.513375 -0.564254 0.646578
0.796963 -0.568159 0.205049
-0.517145 0.355075 0.77877
-0.707107 0.371748 0.601501
-0.30792 0.69949 0.644903
-0.47787 0.751371 0.455063
-0.682434 0.58775 0.43455
-0.524302 0.5657 0.636467
-0.796963 0.568159 0.205049
-0.571067 -0.203452 0.795292
-0.58775 -0.43455 0.682434
-0.752022 -0.454321 0.477551
-0.697004 -0.646842 0.309484
-0.371748 -0.601501 0.707107
-0.557966 -0.644624 0.522623
-0.344874 -0.7841 0.515994
