0 0 1
-0.23362 -0.972328 0
0.970815 -0.239828 0
0.78686 0.484295 0.382505
0.485712 -0.785899 0.382683
-0.640661 0.312557 0.701328
-0.820554 -0.421509 0.386032
0.0201637 0.711137 0.702764
0.64783 -0.0910813 0.75632
-0.189736 -0.667819 0.719734
-0.475231 0.79693 0.372904
-0.56802 -0.779297 0.264668
-0.510673 -0.221149 0.830847
0.0827196 -0.947061 0.310213
0.411329 0.375114 0.830721
0.80571 -0.45702 0.37678
0.292081 -0.472596 0.83147
0.954882 0.0918891 0.282412
0.5 0.809017 0.309017
-0.80257 0.554823 0.21921
-0.132792 0.966393 0.220117
-0.969094 -0.0818269 0.232727
-0.292081 0.472596 0.83147
-0.551333 -0.591142 0.588713
-0.78678 -0.110339 0.607292
0.765845 0.198505 0.611619
0.470917 0.628313 0.619242
0.739613 0.671124 0.0506507
0.936608 0.349991 0.0165139
0.350426 -0.933818 0.0720075
0.677308 -0.73228 0.0708441
0.238352 -0.749885 0.617139
0.180202 0.881998 0.435439
-0.880517 0.218637 0.420581
0.56516 -0.546902 0.61765
-0.0822735 -0.366809 0.926651
-0.333169 0.0660587 0.94055
0.337778 -0.0989293 0.936012
-0.245615 -0.886393 0.392403
0.0921981 0.316419 0.944128
-0.251154 0.771104 0.585081
-0.585014 0.578625 0.568289
0.794224 -0.235673 0.56006
-0.791892 -0.583429 0.180328
-0.342848 -0.442867 0.828447
0.512916 0.135473 0.847682
0.933435 -0.224739 0.279629
0.811161 -0.56248 0.160105
0.576387 -0.338457 0.743791
-0.394136 -0.904839 0.161006
0.0500785 -0.998266 0.0309502
0.252431 0.632217 0.732517
-0.649867 0.0507794 0.75835
-0.625899 0.761234 0.169628
-0.693432 -0.353435 0.627882
-0.0736115 -0.823654 0.562295
0.0406752 -0.574458 0.817523
0.395738 0.907411 0.141411
-0.0792333 0.548905 0.832121
-0.115223 0.88859 0.443996
-0.206081 -0.165671 0.964409
-0.745918 0.496734 0.443691
0.634846 0.435687 0.63808
-0.152612 0.246931 0.95694
0.997915 0.0552311 0.0333925
0.227031 0.116287 0.96692
0.13242 -0.247706 0.959743
-0.881437 0.471153 0.0329221
-0.426288 0.890296 0.160161
-0.469123 0.319506 0.82331
-0.438625 -0.765722 0.470402
-0.900591 -0.0412736 0.432703
-0.574458 -0.817523 0.0406752
0.738519 0.626664 0.248759
0.888506 0.406737 0.212418
-0.11646 -0.974261 0.193011
0.320484 -0.294703 0.900244
0.182338 -0.972137 0.147318
-0.922682 -0.330607 0.198387
0.626664 0.248759 0.738519
0.677162 -0.656665 0.332029
0.868428 0.0206668 0.495384
-0.990569 0.0720317 0.11655
-0.522499 -0.448259 0.725299
-0.450096 0.527794 0.72031
0.0917393 -0.415177 0.905103
-0.813981 0.0995276 0.572302
-0.648117 -0.225306 0.727449
0.310204 -0.897719 0.312849
0.0497061 0.9561 0.288796
