0 0 1
-0.230453 -0.972915 -0.0180829
0.965132 -0.258165 0.0432472
0.765327 0.475925 0.433324
0.500045 -0.773994 0.388443
-0.656621 0.311064 0.687087
-0.807754 -0.435619 0.397203
0.0249708 0.719268 0.694284
0.64783 -0.0910813 0.75632
-0.204709 -0.670593 0.713022
-0.476312 0.793495 0.378805
-0.567568 -0.778055 0.269252
-0.439542 -0.246994 0.863595
0.0614359 -0.942256 0.32921
0.411329 0.375114 0.830721
0.825654 -0.42867 0.366794
0.314967 -0.521373 0.793074
0.954882 0.0918891 0.282412
0.51176 0.792915 0.330737
-0.789063 0.570976 0.226642
-0.17099 0.963847 0.204358
-0.97128 -0.106839 0.212606
-0.277669 0.469717 0.838013
-0.565033 -0.599767 0.566584
-0.795661 -0.112747 0.595156
0.784062 0.21337 0.582854
0.462364 0.637167 0.616634
0.740823 0.671215 0.0255324
0.933717 0.357561 0.0179934
0.401409 -0.913754 0.0626453
0.677308 -0.73228 0.0708441
0.238352 -0.749885 0.617139
0.202289 0.864993 0.459202
-0.881652 0.251859 0.399071
0.56516 -0.546902 0.61765
-0.103652 -0.378046 0.919966
-0.327577 0.0428269 0.943853
0.345406 -0.0777251 0.935229
-0.238761 -0.889517 0.389555
0.099598 0.319278 0.942413
-0.25482 0.767179 0.588645
-0.59309 0.605873 0.530248
0.794224 -0.235673 0.56006
-0.792768 -0.580457 0.185981
-0.31433 -0.444722 0.838701
0.478221 0.105314 0.871902
0.931622 -0.237342 0.275224
0.814064 -0.558282 0.160066
0.576387 -0.338457 0.743791
-0.391002 -0.905839 0.163012
0.00319658 -0.999864 -0.0161705
0.252431 0.632217 0.732517
-0.649867 0.0507794 0.75835
-0.625899 0.761234 0.169628
-0.707362 -0.372892 0.600491
-0.0736115 -0.823654 0.562295
0.011026 -0.614312 0.788986
0.413461 0.89883 0.145445
-0.0551464 0.547425 0.835036
-0.114271 0.889547 0.442322
-0.206081 -0.165671 0.964409
-0.76411 0.472094 0.439617
0.613182 0.458414 0.643323
-0.145493 0.235412 0.960944
0.998522 0.0485633 0.0243986
0.228342 0.124003 0.965652
0.143686 -0.203044 0.96857
-0.885786 0.462165 0.042258
-0.426372 0.888492 0.16967
-0.457933 0.318823 0.829849
-0.431921 -0.774591 0.46201
-0.908614 -0.00774074 0.417565
-0.570107 -0.820776 0.0361296
0.729015 0.634137 0.257697
0.882198 0.403533 0.242669
-0.127691 -0.972807 0.193242
0.33852 -0.307854 0.889174
0.184032 -0.974109 0.131315
-0.917143 -0.335342 0.215392
0.618163 0.24672 0.746327
0.687799 -0.641341 0.340022
0.864574 0.00793094 0.502443
-0.982586 0.117337 0.144071
-0.523149 -0.436356 0.732057
-0.469419 0.521957 0.712184
0.125198 -0.426845 0.895616
-0.802701 0.123002 0.583559
-0.63685 -0.200131 0.74456
0.315233 -0.896736 0.310633
0.0496898 0.956539 0.287341
