0.348686 0.128906 0.928332
0.372031 0.382561 0.845719
0.082242 0.133071 0.987688
0.0802516 0.783712 0.615919
-0.081142 0.62024 0.780204
-0.16246 0.262866 0.951056
0.082324 0.399607 0.912982
-0.269864 0.0125869 0.962816
-0.429067 0.246654 0.868944
-0.511765 -0.00319156 0.85912
0.220117 -0.132792 0.966393
0.375633 -0.374471 0.847745
-0.0635733 -0.145574 0.987303
-0.30582 -0.260512 0.915755
-0.309017 -0.5 0.809017
0.147537 -0.501733 0.852348
-0.0829431 -0.396004 0.914495
0.15336 -0.706538 0.690859
-0.0810859 -0.623109 0.777921
0.00163018 -0.846694 0.532078
0.922834 0.357711 0.142899
0.892479 0.238585 0.38283
0.756734 0.238673 0.608596
0.861774 0 0.507292
0.70101 0.00419984 0.713139
0.752345 -0.236842 0.614722
0.985726 -0.0772717 0.14958
0.895504 -0.228573 0.381872
0.953418 -0.301651 0
0.864764 -0.443476 0.23561
-0.924723 -0.361604 0.118869
-0.843024 -0.381227 0.379443
-0.951781 -0.147652 0.268909
-0.990029 -0.140815 -0.00368249
-0.846211 -0.155065 0.509786
-0.682027 -0.146444 0.716515
-0.77466 0.082206 0.627012
-0.808327 0.309035 0.501104
-0.98647 0.0791957 0.143542
-0.912802 0.0811551 0.400257
-0.916669 0.302117 0.261616
0.134008 0.917379 0.374778
0.5 0.809017 0.309017
0.27573 0.949855 0.147472
0.00460271 0.990051 0.140632
-0.12781 0.922291 0.364752
-0.273013 0.950486 0.148458
-0.377522 0.844574 0.379699
-0.512914 0.845905 0.146161
-0.720749 0.678117 0.143798
-0.00114057 -0.956277 0.292461
0.147368 -0.986011 0.0778838
0.26201 -0.915849 0.304257
0.5 -0.809017 0.309017
0.398436 -0.913778 0.0791157
0.623109 -0.777921 0.0810859
-0.241685 -0.865274 0.439191
-0.38946 -0.89295 0.225747
-0.149013 -0.985774 0.0777475
-0.611998 -0.756003 0.232202
-0.5065 -0.862221 -0.00578569
-0.712536 -0.701567 -0.00983975
0.371521 0.604342 0.7048
0.342854 0.785039 0.515912
0.587996 0.441155 0.677969
0.565276 0.210379 0.797624
0.564367 0.646085 0.513872
0.757469 0.457625 0.46564
0.703953 0.647111 0.292741
0.564173 -0.200301 0.800992
0.593754 -0.435597 0.676543
0.389926 -0.596253 0.701741
0.342854 -0.785039 0.515912
0.751437 -0.462816 0.470259
0.566195 -0.644214 0.514209
0.704538 -0.647124 0.291302
-0.454375 0.478488 0.751394
-0.63973 0.295185 0.709655
-0.438034 0.68078 0.587081
-0.198642 0.786685 0.584524
-0.646578 0.513375 0.564254
-0.601523 0.702 0.381269
-0.784874 0.515968 0.343148
-0.699504 -0.384042 0.602665
-0.516264 -0.342983 0.784751
-0.679985 -0.587656 0.438497
-0.794793 -0.57144 0.204354
-0.515965 -0.564862 0.643981
-0.476704 -0.751782 0.455606
-0.292741 -0.703953 0.647111
