0.525731 -0.850651 0
0.6031 0.368108 0.707649
-0.6031 -0.368108 0.707649
-0.987904 -0.155065 0
-0.201189 0.32553 0.92388
0.686338 -0.397198 0.609241
0.585576 0.80755 0.0704538
0.0406245 -0.802819 0.594837
0 0.921884 0.387466
-0.816363 0.379516 0.435338
0.181691 -0.327428 0.927243
0.896243 -0.428312 0.115314
0.19678 0.485234 0.851954
-0.0333764 -0.991689 0.12425
-0.551042 0.0634368 0.832063
-0.437129 0.70729 0.55557
-0.711034 -0.617893 0.335617
-0.887388 -0.179759 0.424534
0.465658 0 0.884965
0.87685 0.265155 0.401033
-0.228706 -0.40347 0.885949
0.627308 0.649933 0.429035
-0.385906 -0.869725 0.307659
0.437129 -0.70729 0.55557
0.942117 -0.112543 0.315831
-0.364721 -0.674179 0.642232
0.127122 0.149664 0.980531
0.763799 0 0.645454
-0.186315 -0.0499721 0.981218
-0.965067 0.122476 0.231615
-0.169628 0.625899 0.761234
-0.487642 0.43367 0.757717
0.325929 0.905832 0.270627
0.204473 0.75006 0.628968
0.831073 0.523138 0.188796
-0.310651 0.91869 0.243935
-0.692289 0.674872 0.255505
0.692451 -0.680858 0.238631
-0.889734 -0.425955 0.164123
0.295192 -0.926243 0.234383
0.139437 -0.593687 0.792524
-0.753248 0.160069 0.637962
0.449321 -0.392194 0.80268
-0.527794 -0.72031 0.450096
-0.882055 0.441675 0.164016
0 0.990439 0.137952
0.845546 -0.317287 0.429396
-0.334354 -0.942221 0.0206554
-0.69633 -0.709111 0.11084
-0.188796 -0.831073 0.523138
0.401461 0.261444 0.877768
-0.110466 0.807761 0.579068
-0.419673 -0.180293 0.889589
-0.76687 -0.272661 0.581005
0.206834 -0.0832144 0.974831
0.989623 -0.134691 0.0500469
0.418903 0.577507 0.700719
-0.100171 -0.596053 0.796672
-0.0410412 -0.233395 0.971515
-0.656592 0.468515 0.591084
0.619119 -0.19395 0.76097
-0.520773 -0.842629 0.137012
0.147986 -0.897105 0.416296
-0.0989293 -0.936012 0.337778
0.936504 0.31746 0.148931
0.448074 0.780985 0.435077
-0.730779 0.682311 0.0203334
0.731953 -0.538265 0.417751
-0.283526 0.958909 0.0103365
0.89962 0.0618628 0.43227
-0.643236 -0.540848 0.541969
0.503093 -0.814022 0.290285
0.760956 0.315706 0.566812
-0.722524 -0.0606641 0.688679
-0.577507 0.700719 0.418903
-0.35986 0.833647 0.418967
-0.351493 0.148416 0.924351
0.19858 0.97237 0.122729
-0.886287 0.130156 0.444472
0.0206686 0.367868 0.929648
0.292299 -0.808303 0.511084
-0.429237 -0.370643 0.823638
0.598496 0.534169 0.597048
-0.953113 0.279445 0.116133
0.589252 0.163896 0.791151
-0.959116 -0.184536 0.214578
0.291618 -0.667844 0.684795
0.0203418 0.574815 0.818031
0.591696 -0.624242 0.510115
0.482427 -0.546783 0.684319
