0.395616 0.00549035 0.9184
0.301259 0.264083 0.916244
0.137952 0 0.990439
0.237285 0.609941 0.756087
0.00200118 0.706014 0.708195
-0.156434 0.519258 0.840178
0 0.266405 0.963861
-0.137952 0 0.990439
-0.37492 0.380895 0.845195
-0.39366 0.00689348 0.91923
0.438979 -0.244052 0.864717
0.227135 -0.389448 0.892603
-0.436977 -0.2431 0.865998
-0.227522 -0.392512 0.891161
0.00067094 -0.509648 0.860383
0 -0.266405 0.963861
0.233799 -0.611283 0.756089
-0.232805 -0.612402 0.75549
0.0019583 -0.713028 0.701133
0.916194 0.301646 0.263816
0.809017 0.309017 0.5
0.986971 0.0698061 0.144964
0.611833 -0.0597734 0.788725
0.793576 -0.0721186 0.604182
0.809555 -0.30917 0.499034
0.95073 -0.153902 0.269124
0.91292 0.0819133 0.399834
0.989313 -0.145801 0.00116992
0.92177 -0.366932 0.125307
-0.86102 -0.497434 0.10585
-0.95806 -0.286476 -0.00730545
-0.919052 -0.295812 0.260459
-0.80658 -0.307918 0.504595
-0.987928 -0.07358 0.136323
-0.789777 -0.072069 0.609146
-0.607404 -0.0631879 0.791876
-0.685312 0.168616 0.708461
-0.84817 0.158423 0.505479
-0.951056 0.16246 0.262866
-0.920044 -0.068277 0.38582
-0.869715 0.424516 0.251759
0.00329096 0.95738 0.288814
0.382405 0.844481 0.374991
0.142964 0.987024 0.073107
0.772775 0.626766 0.0999135
0.399607 0.912982 0.082324
-0.103948 0.858095 0.502859
-0.141081 0.987057 0.0762534
-0.263873 0.916347 0.301131
-0.499376 0.809895 0.307723
-0.396248 0.914995 0.0759729
-0.618031 0.7821 0.0797353
-0.801643 0.593848 0.0686481
0.127312 -0.923486 0.361891
0 -0.989579 0.143994
0.271288 -0.95093 0.148778
0.375861 -0.8468 0.376376
0.508673 -0.847084 0.15395
0.710945 -0.685911 0.155189
-0.131023 -0.924585 0.357736
-0.378199 -0.843751 0.380855
-0.276149 -0.950089 0.145164
-0.512976 -0.843806 0.157631
0.203584 0.796495 0.569341
0.4347 0.682339 0.58775
0.45399 0.46843 0.757935
0.647358 0.295413 0.702608
0.602539 0.706266 0.371666
0.646107 0.513846 0.564365
0.783741 0.516084 0.345555
0.457295 -0.476062 0.751164
0.646497 -0.3023 0.700468
0.439683 -0.677349 0.589811
0.210235 -0.794367 0.569896
0.643844 -0.520944 0.56043
0.59528 -0.705056 0.385406
0.783437 -0.520144 0.340113
-0.587785 0.425325 0.688191
-0.372958 0.60159 0.706394
-0.350671 0.779868 0.518495
-0.750343 0.454471 0.480043
-0.566652 0.636067 0.523759
-0.700212 0.647039 0.301734
-0.640576 -0.30425 0.705049
-0.45365 -0.478094 0.752082
-0.777878 -0.522549 0.349067
-0.598879 -0.708691 0.372962
-0.435751 -0.681642 0.58778
-0.63788 -0.522085 0.566159
-0.204737 -0.795894 0.569768
